 -0.10440859099896116       0.62159140900103793       0.77759140900103141       0.77759140900103851        1.5135914090010338     
 -0.10440806769889477       0.62136651603498372       0.77758213582688818       0.77780478110396167        1.5135858144021661     
 -0.10440649824577974       0.62069551882172824       0.77755431386311002       0.77844121452869253        1.5135690335748571     
 -0.10440388398136058       0.61958916217904658       0.77750793578845823       0.77948996086029609        1.5135410754245608     
 -0.10440022714341701       0.61806440875533752       0.77744298941056833       0.78093405145610006        1.5135019547857862     
 -0.10439553086807329       0.61614319721908473       0.77735945768066372       0.78275153925766183        1.5134516924099977     
 -0.10438979919299562       0.61385100107067814       0.77725731871383807       0.78491693998100054        1.5133903149489978     
 -0.10438303706152574       0.61121538209351023       0.77713654581552305       0.78740267866810854        1.5133178549333302     
 -0.10437525032783235       0.60826468982023840       0.77699710751332773       0.79018039022390951        1.5132343507459787     
 -0.10436644576277665       0.60502699791740611       0.77683896759521787       0.79322198303536062        1.5131398465912227     
 -0.10435663106089166       0.60152931020428291       0.77666208515309343       0.79650043295704975        1.5130343924589251     
 -0.10434581484816441       0.59779702522707900       0.77646641463241473       0.79999031874183935        1.5129180440837793     
 -0.10433400669077741       0.59385362236655048       0.77625190588753057       0.80366813593886555        1.5127908629000224     
 -0.10432121710477027       0.58972052197908731       0.77601850424280450       0.80751243675848627        1.5126529159913265     
 -0.10430745756658411       0.58541707225975692       0.77576615055956566       0.81150384321587410        1.5125042760358980     
 -0.10429274052455284       0.58096062159358830       0.77549478130874760       0.81562497478705787        1.5123450212470040     
 -0.10427707941130038       0.57636664351796263       0.77520432864936417       0.81986032345432136        1.5121752353086713     
 -0.10426048865699578       0.57164888981130524       0.77489472051259867       0.82419610062587267        1.5119950073067514     
 -0.10424298370362273       0.56681955452035382       0.77456588069173371       0.82862007311757324        1.5118044316552499     
 -0.10422458102007859       0.56188943754826859       0.77421772893757712       0.83312139957434894        1.5116036080181292     
 -0.10420529811812607       0.55686810077089710       0.77385018105987946       0.83769047436403277        1.5113926412263829     
 -0.10418515356944802       0.55176401273965681       0.77346314903395097       0.84231878288516526        1.5111716411905665     
 -0.10416416702334530       0.54658468013219341       0.77305654111322752       0.84699877012748459        1.5109407228086518     
 -0.10414235922558923       0.54133676547873044       0.77263026194724738       0.85172372295752474        1.5107000058695501     
 -0.10411975203791535       0.53602619153308595       0.77218421270513815       0.85648766575980062        1.5104496149519075     
 -0.10409636845868242       0.53065823313810512       0.77171829120476154       0.86128526858439436        1.5101896793185805     
 -0.10407223264418874       0.52523759767457712       0.77123239204705207       0.86611176671147128        1.5099203328066118     
 -0.10404736993104713       0.51976849526916524       0.77072640675592119       0.87096289045739184        1.5096417137128917     
 -0.10402180685936635       0.51425469992816453       0.77020022392351883       0.87583480405550773        1.5093539646754692     
 -0.10399557119685809       0.50869960270131998       0.76965372936060561       0.88072405250749597        1.5090572325505143     
 -0.10396869196379477       0.50310625788883634       0.76908680625235704       0.88562751539204676        1.5087516682852211     
 -0.10394119945891767       0.49747742320235133       0.76849933531916470       0.89054236672004805        1.5084374267864611     
 -0.10391312528616226       0.49181559468698310       0.76789119498263503       0.89546604002937080        1.5081146667853869     
 -0.10388450238227520       0.48612303711216498       0.76726226153644461       0.90039619801132176        1.5077835506980293     
 -0.10385536504536397       0.48040181044775920       0.76661240932230612       0.90533070605232169        1.5074442444819542     
 -0.10382574896428309       0.47465379295931598       0.76594151091059004       0.91026760915706717        1.5070969174891786     
 -0.10379569124888732       0.46888070138348503       0.76524943728583494       0.91520511179205144        1.5067417423151905     
 -0.10376523046118713       0.46308410858024907       0.76453605803666846       0.92014156025267546        1.5063788946444454     
 -0.10373440664735689       0.45726545900347837       0.76380124155060258       0.92507542721271818        1.5060085530923430     
 -0.10370326137061703       0.45142608228278647       0.76304485521292165       0.93000529816296051        1.5056308990436165     
 -0.10367183774502386       0.44556720516845516       0.76226676561001661       0.93492985948719998        1.5052461164875730     
 -0.10364018047001622       0.43968996205586741       0.76146683873688659       0.93984788795938456        1.5048543918500652     
 -0.10360833586599227       0.43379540427515195       0.76064494020863727       0.94475824147594167        1.5044559138224525     
 -0.10357635191063608       0.42788450830608049       0.75980093547590677       0.94965985086346016        1.5040508731875857     
 -0.10354427827608248       0.42195818305577681       0.75893469004403968       0.95455171262395133        1.5036394626430543     
 -0.10351216636705196       0.41601727631794638       0.75804606969581734       0.95943288249918979        1.5032218766217831     
 -0.10348006935975640       0.41006258051603872       0.75713494071765375       0.96430246975156209        1.5027983111101459     
 -0.10344804224172144       0.40409483781886202       0.75620117012915777       0.96915963207298361        1.5023689634638799     
 -0.10341614185238335       0.39811474470528552       0.75524462591555164       0.97400357104514157        1.5019340322216994     
 -0.10338442692462024       0.39212295604444947       0.75426517726329401       0.97883352808486634        1.5014937169170910     
 -0.10335295812710932       0.38612008874915027       0.75326269479815977       0.98364878081660123        1.5010482178882807     
 -0.10332179810752784       0.38010672505264687       0.75223705082610515       0.98844863982216147        1.5005977360865721     
 -0.10329101153659082       0.37408341545244994       0.75118811957632303       0.99323244572372538        1.5001424728834110     
 -0.10326066515294663       0.36805068135941355       0.75011577744637137       0.99799956656223721        1.4996826298761565     
 -0.10323082780893600       0.36200901748525816       0.74901990324942247        1.0027493954376272        1.4992184086929488     
 -0.10320157051716983       0.35595889399791680       0.74790037846301161        1.0074813483818197        1.4987500107967406     
 -0.10317296649789931       0.34990075847012037       0.74675708747947134        1.0121948624388715        1.4982776372889415     
 -0.10314509122735949       0.34383503764380841       0.74558991785730022        1.0168893939297732        1.4978014887125095     
 -0.10311802248680380       0.33776213903007957       0.74439876057394727        1.0215644168821001        1.4973217648551120     
 -0.10309184041241437       0.33168245236218219       0.74318351027911866        1.0262194216071325        1.4968386645524401     
 -0.10306662754606855       0.32559635091681649       0.74194406554857295        1.0308539134090484        1.4963523854918126     
 -0.10304246888689761       0.31950419271745645       0.74068032913854509        1.0354674114125153        1.4958631240163971     
 -0.10301945194366624       0.31340632163166937       0.73939220823981522        1.0400594474967590        1.4953710749303983     
 -0.10299766678796907       0.30730306837311439       0.73807961473182537        1.0446295653253266        1.4948764313051974     
 -0.10297720610823546       0.30119475141772156       0.73674246543633437        1.0491773194621050        1.4943793842869635     
 -0.10295816526451596       0.29508167784241479       0.73538068237022713        1.0537022745651559        1.4938801229058214     
 -0.10294064234408928       0.28896414409400961       0.73399419299748914        1.0582040046508290        1.4933788338867640     
 -0.10292473821782977       0.28284243669484432       0.73258293047993917        1.0626820924215341        1.4928757014628395     
 -0.10291055659739534       0.27671683289125504       0.73114683392632784        1.0671361286510557        1.4923709071905140     
 -0.10289820409311012       0.27058760125010473       0.72968584864000441        1.0715657116221511        1.4918646297676545     
 -0.10288779027265527       0.26445500220826723       0.72819992636431152        1.0759704466115974        1.4913570448544711     
 -0.10287942772049874       0.25831928857936681       0.72668902552584846        1.0803499454184475        1.4908483248972857     
 -0.10287323209806942       0.25218070602148757       0.72515311147527051        1.0847038259315109        1.4903386389558211     
 -0.10286932220465062       0.24603949346953868       0.72359215672519461        1.0890317117326997        1.4898281525338817     
 -0.10286782003887041       0.23989588353519053       0.72200614118536599        1.0933332317330517        1.4893170274139695     
 -0.10286885086107311       0.23375010287731079       0.72039505239422930        1.0976080198386597        1.4888054214956750     
 -0.10287254325620765       0.22760237254543725       0.71875888574739655        1.1018557146438894        1.4882934886385186     
 -0.10287902919738201       0.22145290829853259       0.71709764472213422        1.1060759591496669        1.4877813785090854     
 -0.10288844411013187       0.21530192090111377       0.71541134109789262        1.1102684005046690        1.4872692364327840     
 -0.10290092693714392       0.20914961639864416       0.71369999517288996        1.1144326897676606        1.4867572032505176     
 -0.10291662020371639       0.20299619637391864       0.71196363597610635        1.1185684816891079        1.4862454151803774     
 -0.10293567008358195       0.19684185818589661       0.71020230147463970        1.1226754345106524        1.4857340036844473     
 -0.10295822646540387       0.19068679519247489       0.70841603877653014        1.1267532097809347        1.4852230953411958     
 -0.10298444301965048       0.18453119695843334       0.70660490432809553        1.1308014721866062        1.4847128117231083     
 -0.10301447726593338       0.17837524944978433       0.70476896410655065        1.1348198893972139        1.4842032692803926     
 -0.10304849064074340       0.17221913521538923       0.70290829380683206        1.1388081319229979        1.4836945792301997     
 -0.10308664856554017       0.16606303355711560       0.70102297902314881        1.1427658729846293        1.4831868474520089     
 -0.10312912051510104       0.15990712068910007       0.69911311542457533        1.1466927883938958        1.4826801743891025     
 -0.10317608008621448       0.15375156988717364       0.69717880892480188        1.1505885564446761        1.4821746549561770     
 -0.10322770506646606       0.14759655162900387       0.69522017584584894        1.1544528578133324        1.4816703784533125     
 -0.10328417750317698       0.14144223372574949       0.69323734307551987        1.1582853754678997        1.4811674284863745     
 -0.10334568377251863       0.13528878144578727       0.69123044821845880        1.1620857945854350        1.4806658828936907     
 -0.10341241464838902       0.12913635763108999       0.68919963974087572        1.1658538024769580        1.4801658136795979     
 -0.10348456537150241       0.12298512280678686       0.68714507710842199        1.1695890885194533        1.4796672869542054     
 -0.10356233571803131       0.11683523528436091       0.68506693091748794        1.1732913440944301        1.4791703628800228     
 -0.10364593006821998       0.11068685125893296       0.68296538301961718        1.1769602625326225        1.4786750956250874     
 -0.10373555747447938       0.10454012490108155       0.68084062663894329        1.1805955390644005        1.4781815333228128     
 -0.10383143172919596        9.8395208443486482E-002  0.67869286648255489        1.1841968707755299        1.4776897180384445     
 -0.10393377143185667        9.2252252262781553E-002  0.67652231884370018        1.1877639565679079        1.4771996857421232     
 -0.10404280005554156        8.6111404956962900E-002  0.67432921169783810        1.1912964971249398        1.4767114662886343     
 -0.10415874601267916        7.9972813418631716E-002  0.67211378479125017        1.1947941948813217        1.4762250834036035     
 -0.10428184271981955        7.3836622904250859E-002  0.66987628972226787        1.1982567539968674        1.4757405546763120     
 -0.10441232866135053        6.7702977099850514E-002  0.66761699001507147        1.2016838803342118        1.4752578915589094     
 -0.10455044745206976        6.1572018183198907E-002  0.66533616118581484        1.2050752814400205        1.4747770993719556     
 -0.10469644789823285        5.5443886882821758E-002  0.66303409080127196        1.2084306665296793        1.4742981773164097     
 -0.10485058405734549        4.9318722534010817E-002  0.66071107852958377        1.2117497464750393        1.4738211184916068     
 -0.10501311529590041        4.3196663131945812E-002  0.65836743618335269        1.2150322337952026        1.4733459099195070     
 -0.10518430634554932        3.7077845382194496E-002  0.65600348775483752        1.2182778426500924        1.4728725325747920     
 -0.10536442735696028        3.0962404748747119E-002  0.65361956944319033        1.2214862888366191        1.4724009614209024     
 -0.10555375395141908        2.4850475499546221E-002  0.65121602967376546        1.2246572897873254        1.4719311654517604     
 -0.10575256727007876        1.8742190750016263E-002  0.64879322910921466        1.2277905645714249        1.4714631077390141     
 -0.10596115402017681        1.2637682504285763E-002  0.64635154065252109        1.2308858338979380        1.4709967454847863     
 -0.10617980651850445        6.5370816945922172E-003  0.64389134944173421        1.2339428201209586        1.4705320300797542     
 -0.10640882273149366        4.4051821872237440E-004  0.64141305283629357        1.2369612472468550        1.4700689071661053     
 -0.10664850631184386       -5.6518790242385819E-003  0.63891706039498253        1.2399408409433246        1.4696073167056714     
 -0.10689916663134547       -1.1739982099888024E-002  0.63640379384526291        1.2428813285501370        1.4691471930527804     
 -0.10716111880961243       -1.7823664005989670E-002  0.63387368704390923        1.2457824390915775        1.4686884650315744     
 -0.10743468373838283       -2.3902798641534773E-002  0.63132718592891912        1.2486439032904180        1.4682310560178458     
 -0.10772018810119022       -2.9977260777112491E-002  0.62876474846238395        1.2514654535833056        1.4677748840250935     
 -0.10801796438787115       -3.6046926026752857E-002  0.62618684456428930        1.2542468241376170        1.4673198617945644     
 -0.10832835090380755       -4.2111670820899505E-002  0.62359395603716372        1.2569877508695431        1.4668658968890966     
 -0.10865169177328937       -4.8171372380718225E-002  0.62098657648113686        1.2596879714634319        1.4664128917907373     
 -0.10898833693682342       -5.4225908693453562E-002  0.61836521119954746        1.2623472253923200        1.4659607440016167     
 -0.10933864214191402       -6.0275158488945380E-002  0.61573037709479728        1.2649652539395397        1.4655093461482664     
 -0.10970296892689468       -6.6319001217143736E-002  0.61308260255403368        1.2675418002213803        1.4650585860888317     
 -0.11008168459749967       -7.2357317026655821E-002  0.61042242732480467        1.2700766092106903        1.4646083470232067     
 -0.11047516219557174       -7.8389986744181073E-002  0.60775040238015698        1.2725694277615176        1.4641585076058483     
 -0.11088378045971581       -8.4416891854884213E-002  0.60506708977320756        1.2750200046344897        1.4637089420609968     
 -0.11130792377725385       -9.0437914483642246E-002  0.60237306248060918        1.2774280905231432        1.4632595203002019     
 -0.11174798212707948       -9.6452937377049963E-002  0.59966890423489083        1.2797934380809473        1.4628101080418858     
 -0.11220435101294157      -0.10246184388627277       0.59695520934542046        1.2821158019491214        1.4623605669328423     
 -0.11267743138682107      -0.10846451795061363       0.59423258250746436        1.2843949387851463        1.4619107546713810     
 -0.11446084408181001      -0.11316762956166038       0.59150163859927218        1.2866306072918920        1.4614605251320221     
 -0.12045070734898999      -0.11367535711319654       0.58876300246680202        1.2888225682474168        1.4610097284915362     
 -0.12643399336436723      -0.11420103077027832       0.58601730869568058        1.2909705845353017        1.4605582113560427     
 -0.13241058826942087      -0.11474507229326925       0.58326520137036653        1.2930744211755609        1.4601058168892589     
 -0.13838037872184827      -0.11530790833989180       0.58050733381978681        1.2951338453560712        1.4596523849413927     
 -0.14434325188295460      -0.11588997031828896       0.57774436834946208        1.2971486264644732        1.4591977521787740     
 -0.15029909540572284      -0.11649169422655881       0.57497697595961128        1.2991185361204813        1.4587417522139887     
 -0.15624779742329942      -0.11711352047835000       0.57220583604910757        1.3010433482087098        1.4582842157362883     
 -0.16218924653809097      -0.11775589371432815       0.56943163610458214        1.3029228389118046        1.4578249706422319     
 -0.16812333181130157      -0.11841926259850943       0.56665507137492810        1.3047567867439920        1.4573638421663428     
 -0.17404994275296737      -0.11910407959965674       0.56387684453034836        1.3065449725849305        1.4569006530116742     
 -0.17996896931245665      -0.11981080075678285       0.56109766530609306        1.3082871797139237        1.4564352234801508     
 -0.18588030186938731      -0.12053988542882088       0.55831825013030389        1.3099831938443831        1.4559673716025330     
 -0.19178383122498488      -0.12129179602766982       0.55553932173605247        1.3116328031585684        1.4554969132679219     
 -0.19767944859388820      -0.12206699773467022       0.55276160875694913        1.3132357983425678        1.4550236623525681     
 -0.20356704559624639      -0.12286595819993451       0.54998584530653361        1.3147919726215473        1.4545474308481641     
 -0.20944651425034166      -0.12368914722441460       0.54721277054105855        1.3163011217950977        1.4540680289891004     
 -0.21531774696545725      -0.12453703642446889       0.54444312820554330        1.3177630442729011        1.4535852653788961     
 -0.22118063653517517      -0.12541009887867105       0.54167766616317437        1.3191775411103990        1.4530989471156577     
 -0.22703507613100449      -0.12630880875695105       0.53891713590791923        1.3205444160447435        1.4526088799163510     
 -0.23288095929630792      -0.12723364093173650       0.53616229206032706        1.3218634755308010        1.4521148682398675     
 -0.23871817994063171      -0.12818507057138717       0.53341389184679855        1.3231345287772402        1.4516167154089032     
 -0.24454663233421137      -0.12916357271570611       0.53067269456225574        1.3243573877827597        1.4511142237304906     
 -0.25036621110296764      -0.13016962183394298       0.52793946101651201        1.3255318673723533        1.4506071946149621     
 -0.25617681122362157      -0.13120369136533938       0.52521495296465481        1.3266577852336177        1.4500954286936292     
 -0.26197832801916299      -0.13226625324250385       0.52249993252171301        1.3277349619531424        1.4495787259348276     
 -0.26777065715466364      -0.13335777739814780       0.51979516156219496        1.3287632210528368        1.4490568857583384     
 -0.27355369463319867      -0.13447873125546650       0.51710140110473901        1.3297423890263520        1.4485297071482304     
 -0.27932733679218380      -0.13562957920288987       0.51441941068287100        1.3306722953754004        1.4479969887640110     
 -0.28509148029985631      -0.13681078205371477       0.51174994770213900        1.3315527726461625        1.4474585290499764     
 -0.29084602215204747      -0.13802279649146598       0.50909376678472640        1.3323836564654989        1.4469141263428806     
 -0.29659085966919285      -0.13926607450185458       0.50645161910229142        1.3331647855772673        1.4463635789777811     
 -0.30232589049354885      -0.14054106279207979       0.50382425169802936        1.3338960018784274        1.4458066853919771     
 -0.30805101258662582      -0.14184820219888827       0.50121240679902535        1.3345771504551820        1.4452432442272549     
 -0.31376612422687700      -0.14318792708611738       0.49861682112002192        1.3352080796189227        1.4446730544300852     
 -0.31947112400755451      -0.14456066473332463       0.49603822516004747        1.3357886409421251        1.4440959153500827     
 -0.32516591083479796      -0.14596683471664740       0.49347734249297126        1.3363186892941084        1.4435116268363828     
 -0.33085038392588118      -0.14740684828343120       0.49093488905366023        1.3367980828766317        1.4429199893322888     
 -0.33652444280770943      -0.14888110772202801       0.48841157242137534        1.3372266832593844        1.4423208039679025     
 -0.34218798731543210      -0.15039000572868844       0.48590809110158872        1.3376043554152819        1.4417138726507801     
 -0.34784091759131108      -0.15193392477284107       0.48342513380845276        1.3379309677555806        1.4410989981546383     
 -0.35348313408369414      -0.15351323646295256       0.48096337874949313        1.3382063921648708        1.4404759842063921     
 -0.35911453754619416      -0.15512830091452123       0.47852349291416019        1.3384305040357756        1.4398446355707577     
 -0.36473502903706034      -0.15677946612231075       0.47610613136868629        1.3386031823035438        1.4392047581334495     
 -0.37034450991863288      -0.15846706733873539       0.47371193655862598        1.3387243094803480        1.4385561589821130     
 -0.37594288185703384      -0.16019142646040763       0.47134153762146269        1.3387937716893532        1.4378986464854417     
 -0.38153004682196823      -0.16195285142491223       0.46899554971131963        1.3388114586986326        1.4372320303704118     
 -0.38710590708665649      -0.16375163561995443       0.46667457333764162        1.3387772639547215        1.4365561217976275     
 -0.39267036522798904      -0.16558805730684689       0.46437919372005609        1.3386910846159612        1.4358707334346867     
 -0.39822332412669148      -0.16746237906054517       0.46210998016150384        1.3385528215855871        1.4351756795278590     
 -0.40376468696775447      -0.16937484722822482       0.45986748544163802        1.3383623795444741        1.4344707759717359     
 -0.40929435724091512      -0.17132569140850684       0.45765224523258219        1.3381196669836815        1.4337558403771293     
 -0.41481223874129292      -0.17331512395334592       0.45546477753890713        1.3378245962365778        1.4330306921371925     
 -0.42031823557013936      -0.17534333949439862       0.45330558216403993        1.3374770835107732        1.4322951524917134     
 -0.42581225213569596      -0.17741051449604583       0.45117514020456895        1.3370770489196317        1.4315490445895733     
 -0.43129419315423156      -0.17951680683653670       0.44907391357458870        1.3366244165135246        1.4307921935495589     
 -0.43676396365109049      -0.18166235541924713       0.44700234456156984        1.3361191143106783        1.4300244265194078     
 -0.44222146896195191      -0.18384727981544735       0.44496085541545227        1.3355610743277477        1.4292455727330982     
 -0.44766661473412483      -0.18607167994024820       0.44294984797232040        1.3349502326099536        1.4284554635665483     
 -0.45309930692794254      -0.18833563576291823       0.44096970331400343        1.3342865292609201        1.4276539325915625     
 -0.45851945181836307      -0.19063920705292148       0.43902078146490986        1.3335699084720716        1.4268408156282515     
 -0.46392695599648803      -0.19298243316262642       0.43710342112700928        1.3328003185517119        1.4260159507957102     
 -0.46932172637136915      -0.19536533284769853       0.43521793945383891        1.3319777119536553        1.4251791785612298     
 -0.47470367017174375      -0.19778790412581948       0.43336463186437513        1.3311020453055011        1.4243303417879236     
 -0.48007269494794969      -0.20025012417440990       0.43154377189715554        1.3301732794364476        1.4234692857807474     
 -0.48542870857389886      -0.20275194926762552       0.42975561110515592        1.3291913794047492        1.4225958583311016     
 -0.49077161924915380      -0.20529331475300339       0.42800037899148968        1.3281563145246906        1.4217099097599224     
 -0.49610133550103797      -0.20787413506757524       0.42627828298608428        1.3270680583931682        1.4208112929593248     
 -0.50141776618685086      -0.21049430379356870       0.42458950846306820        1.3259265889158236        1.4198998634327680     
 -0.50672082049618439      -0.21315369375318305       0.42293421879844395        1.3247318883327246        1.4189754793338913     
 -0.51201040795326414      -0.21585215714197936       0.42131255546771662        1.3234839432435646        1.4180380015038931     
 -0.51728643841937760      -0.21858952570029366       0.41972463818271244        1.3221827446324568        1.4170872935076400     
 -0.52254882209539311      -0.22136561092179718       0.41817056506661388        1.3208282878922191        1.4161232216683715     
 -0.52779746952430528      -0.22418020429817354       0.41665041286638704        1.3194205728481876        1.4151456551011456     
 -0.53303229159383569      -0.22703307759885583       0.41516423720131712        1.3179596037815529        1.4141544657450282     
 -0.53825319953920392      -0.22992398318448970       0.41371207284634615        1.3164453894521948        1.4131495283939071     
 -0.54346010494575125      -0.23285265435277580       0.41229393404884185        1.3148779431210720        1.4121307207262532     
 -0.54865291975185571      -0.23581880571507163       0.41090981487723255        1.3132572825720086        1.4110979233335286     
 -0.55383155625169245      -0.23882213360220739       0.40955968959989342        1.3115834301330871        1.4100510197474865     
 -0.55899592709820745      -0.24186231649778911       0.40824351309232476        1.3098564126974228        1.4089898964663039     
 -0.56414594530604134      -0.24493901549712582       0.40696122127116396        1.3080762617435173        1.4079144429795321     
 -0.56928152425450307      -0.24805187478991542       0.40571273155271825        1.3062430133549974        1.4068245517920062     
 -0.57440257769067848      -0.25120052216485433       0.40449794333444977        1.3043567082398528        1.4057201184465953     
 -0.57950901973249991      -0.25438456953405186       0.40331673849711258        1.3024173917491790        1.4046010415459165     
 -0.58460076487184764      -0.25760361347538741       0.40216898192571193        1.3004251138953045        1.4034672227729814     
 -0.58967772797776696      -0.26085723579066133       0.40105452204716308        1.2983799293694087        1.4023185669108464     
 -0.59473982429965488      -0.26414500407768493       0.39997319138261389        1.2962818975585915        1.4011549818612270     
 -0.59978696947054999      -0.26746647231411913       0.39892480711248446        1.2941310825623695        1.3999763786620782     
 -0.60481907951034586      -0.27082118145121292       0.39790917165204220        1.2919275532085912        1.3987826715043532     
 -0.60983607082918567      -0.27420866001541455       0.39692607323574158        1.2896713830688444        1.3975737777476152     
 -0.61483786023078579      -0.27762842471594773       0.39597528650815583        1.2873626504731881        1.3963496179348542     
 -0.61982436491578774      -0.28107998105645748       0.39505657311996600        1.2850014385244357        1.3951101158064247     
 -0.62479550248522031      -0.28456282394901677       0.39416968232663763        1.2825878351117126        1.3938551983128722     
 -0.62975119094391019      -0.28807643832858787       0.39331435158861083        1.2801219329235671        1.3925847956271564     
 -0.63469134870395116      -0.29162029976641080       0.39249030717090427        1.2776038294603893        1.3912988411558089     
 -0.63961589458821067      -0.29519387508062600       0.39169726474070465        1.2750336270462590        1.3899972715493796     
 -0.64452474783381142      -0.29879662294269060       0.39093492996130763        1.2724114328402347        1.3886800267119508     
 -0.64941782809570547      -0.30242799447810853       0.39020299908104406        1.2697373588469905        1.3873470498098950     
 -0.65429505545021094      -0.30608743386012982       0.38950115951591080        1.2670115219268698        1.3859982872798700     
 -0.65915635039860199      -0.30977437889528225       0.38882909042436609        1.2642340438053292        1.3846336888359065     
 -0.66400163387070421      -0.31348826159938525       0.38818646327347750        1.2614050510817627        1.3832532074758994     
 -0.66883082722851661      -0.31722850876323960       0.38757294239510465        1.2585246752377017        1.3818567994872062     
 -0.67364385226981760      -0.32099454250678150       0.38698818553124426        1.2555930526444445        1.3804444244515626     
 -0.67844063123185805      -0.32478578082103482       0.38643184436760514        1.2526103245699733        1.3790160452492852     
 -0.68322108679499927      -0.32860163809692722       0.38590356505465628        1.2495766371853492        1.3775716280627215     
 -0.68798514208641137      -0.33244152564042118       0.38540298871542689        1.2464921415703785        1.3761111423790382     
 -0.69273272068373082      -0.33630485217323702       0.38492975193953782        1.2433569937187503        1.3746345609923001     
 -0.69746374661878718      -0.34019102431875403       0.38448348726272030        1.2401713545424595        1.3731418600048695     
 -0.70217814438134951      -0.34409944707258511       0.38406382363162095        1.2369353898756383        1.3716330188281756     
 -0.70687583892280692      -0.34802952425753908       0.38367038685339061        1.2336492704777129        1.3701080201827374     
 -0.71155675565993448      -0.35198065896262598       0.38330280002988459        1.2303131720360057        1.3685668500977144     
 -0.71622082047863067      -0.35595225396595964       0.38296068397600180        1.2269272751675846        1.3670094979096454     
 -0.72086795973769036      -0.35994371214141907       0.38264365762243102        1.2234917654205457        1.3654359562606810     
 -0.72549810027256356      -0.36395443684892470       0.38235133840226077        1.2200068332746348        1.3638462210961393     
 -0.73011116939913734      -0.36798383230840592       0.38208334262187371        1.2164726741412011        1.3622402916615393     
 -0.73470709491749098      -0.37203130395747941       0.38183928581575799        1.2128894883625829        1.3606181704989542     
 -0.73928580511573472      -0.37609625879282937       0.38161878308559238        1.2092574812106989        1.3589798634428316     
 -0.74384722877376674      -0.38017810569565569       0.38142144942371559        1.2055768628851524        1.3573253796152684     
 -0.74839129516712610      -0.38427625574109925       0.38124690002085693        1.2018478485105817        1.3556547314206480     
 -0.75291793407073371      -0.38839012249210292       0.38109475055882669        1.1980706581333944        1.3539679345397531     
 -0.75742707576279855      -0.39251912227778796       0.38096461748803634        1.1942455167178831        1.3522650079233500     
 -0.76191865102855338      -0.39666267445674563       0.38085611829022170        1.1903726541415995        1.3505459737852785     
 -0.76639259116415559      -0.40082020166554599       0.38076887172680429        1.1864523051901887        1.3488108575948807     
 -0.77084882798049215      -0.40499113005269827       0.38070249807300627        1.1824847095515221        1.3470596880690024     
 -0.77528729380704675      -0.40917488949862779       0.38065661933828565        1.1784701118091174        1.3452924971634506     
 -0.77970792149569235      -0.41337091382178670       0.38063085947335651        1.1744087614350480        1.3435093200640029     
 -0.78411064442463285      -0.41757864097154851       0.38062484456404810        1.1703009127820820        1.3417101951767485     
 -0.78849539650218325      -0.42179751320808379       0.38063820301288942        1.1661468250752129        1.3398951641181949     
 -0.79286211217069713      -0.42602697726977468       0.38067056570796787        1.1619467624025415        1.3380642717045799     
 -0.79721072641041779      -0.43026648452851290       0.38072156618049391        1.1577009937055553        1.3362175659409701     
 -0.80154117474335074      -0.43451549113328625       0.38079084075063818        1.1534097927686542        1.3343550980097554     
 -0.80585339323717875      -0.43877345814260948       0.38087802866256659        1.1490734382081236        1.3324769222586372     
 -0.81014731850914146      -0.44303985164604853       0.38098277220894516        1.1446922134604325        1.3305830961882794     
 -0.81442288772994686      -0.44731414287540261       0.38110471684525926        1.1402664067698929        1.3286736804393868     
 -0.81868003862768468      -0.45159580830593526       0.38124351129442502        1.1357963111756550        1.3267487387793810     
 -0.82291870949174317      -0.45588432974800774       0.38139880764227563        1.1312822244980882        1.3248083380886779     
 -0.82713883917675801      -0.46017919442965827       0.38157026142399708        1.1267244493245325        1.3228525483463969     
 -0.83134036710655224      -0.46447989507040432       0.38175753170221505        1.1221232929943561        1.3208814426157520     
 -0.83552323327805844      -0.46878592994677426       0.38196028113699043        1.1174790675834672        1.3188950970290296     
 -0.83968737826531736      -0.47309680294987189       0.38217817604810733        1.1127920898881403        1.3168935907719810     
 -0.84383274322346757      -0.47741202363548574       0.38241088647010102        1.1080626814081604        1.3148770060679542     
 -0.84795926989269077      -0.48173110726693480       0.38265808620039898        1.1032911683294895        1.3128454281616300     
 -0.85206690060223522      -0.48605357485121914       0.38291945284081841        1.0984778815061436        1.3107989453021620     
 -0.85615557827446587      -0.49037895316868330       0.38319466783292988        1.0936231564415770        1.3087376487261313     
 -0.86022524642884868      -0.49470677479662406       0.38348341648749340        1.0887273332693557        1.3066616326399227     
 -0.86427584918603273      -0.49903657812707891       0.38378538800842321        1.0837907567332810        1.3045709942018533     
 -0.86830733127190918      -0.50336790737924098       0.38410027551149639        1.0788137761668786        1.3024658335038275     
 -0.87231963802171641      -0.50770031260674031       0.38442777603813383        1.0737967454722455        1.3003462535526271     
 -0.87631271538410260      -0.51203334970009529       0.38476759056461241        1.0687400230983606        1.2982123602507922     
 -0.88028650992530366      -0.51636658038461469       0.38511942400691623        1.0636439720187205        1.2960642623771950     
 -0.88424096883325376      -0.52069957221409702       0.38548298522154489        1.0585089597084636        1.2939020715671905     
 -0.88817603992180771      -0.52503189856045651       0.38585798700252028        1.0533353581207781        1.2917259022923968     
 -0.89209167163487813      -0.52936313859968998       0.38624414607492241        1.0481235436628662        1.2895358718401777     
 -0.89598781305068087      -0.53369287729433168       0.38664118308497564        1.0428738971712086        1.2873321002926570     
 -0.89986441388604099      -0.53802070537263624       0.38704882258720730        1.0375868038862883        1.2851147105054874     
 -0.90372142450057069      -0.54234621930474880       0.38746679302871279        1.0322626534267734        1.2828838280861987     
 -0.90755879590107824      -0.54666902127603301       0.38789482673073117        1.0269018397630632        1.2806395813722311     
 -0.91137647974582769      -0.55098871915778247       0.38833265986789733        1.0215047611903074        1.2783821014086758     
 -0.91517442834897977      -0.55530492647553231       0.38878003244509607        1.0160718203008621        1.2761115219255483     
 -0.91895259468494039      -0.55961726237512188       0.38923668827233371        1.0106034239561890        1.2738279793148521     
 -0.92271093239286905      -0.56392535158660806       0.38970237493769844        1.0050999832581606        1.2715316126072729     
 -0.92644939578110730      -0.56822882438643774       0.39017684377860462       0.99956191351990142        1.2692225634485350     
 -0.93016793983173507      -0.57252731655767697       0.39065984985137092       0.99398963423602105        1.2669009760754957     
 -0.93386652020511463      -0.57682046934881903       0.39115115189939154       0.98838356905230995        1.2645669972917872     
 -0.93754509324451796      -0.58110792943097600       0.39165051232012438       0.98274414573496571        1.2622207764433586     
 -0.94120361598075242      -0.58538934885386773       0.39215769713069371       0.97707179613924389        1.2598624653935175     
 -0.94484204613688227      -0.58966438500052121       0.39267247593253174       0.97136695617759727        1.2574922184977613     
 -0.94846034213296448      -0.59393270054094138       0.39319462187519427       0.96563006578730182        1.2551101925782930     
 -0.95205846309085196      -0.59819396338473396       0.39372391161914599       0.95986156889761354        1.2527165468982577     
 -0.95563636883903058      -0.60244784663294126       0.39426012529798271       0.95406191339638369        1.2503114431356863     
 -0.95919401991753261      -0.60669402852902010       0.39480304647989506       0.94823155109618007        1.2478950453571347     
 -0.96273137758290339      -0.61093219240922281       0.39535246212864550       0.94237093769994829        1.2454675199910117     
 -0.96624840381319110      -0.61516202665228548       0.39590816256412076       0.93648053276619514        1.2430290358007561     
 -0.96974506131306271      -0.61938322462868811       0.39646994142235492       0.93056079967365335        1.2405797638575695     
 -0.97322131351888963      -0.62359548464940495       0.39703759561547081       0.92461220558553414        1.2381198775130198     
 -0.97667712460402711      -0.62779850991434039       0.39761092529115949       0.91863522141327181        1.2356495523713225     
 -0.98011245948399939      -0.63199200846039894       0.39818973379199463       0.91263032177988457        1.2331689662613474     
 -0.98352728382190868      -0.63617569310937938       0.39877382761488178       0.90659798498278299        1.2306782992084209     
 -0.98692156403378917      -0.64034928141563796       0.39936301637008143       0.90053869295624267        1.2281777334058201     
 -0.99029526729410478      -0.64451249561360946       0.39995711274038648       0.89445293123338665        1.2256674531860767     
 -0.99364836154132874      -0.64866506256529632       0.40055593244044019       0.88834118890779123        1.2231476449919843     
 -0.99698081548354622      -0.65280671370768317       0.40115929417586393       0.88220395859458023        1.2206184973474059     
  -1.0002925986041546      -0.65693718500012288       0.40176701960274208       0.87604173639125271        1.2180802008278988     
  -1.0035836811676724      -0.66105621687185590       0.40237893328704288       0.86985502183797259        1.2155329480309582     
  -1.0068540342255989      -0.66516355416954909       0.40299486266443374       0.86364431787753659        1.2129769335461660     
  -1.0101036296223924      -0.66925894610493053       0.40361463800014441       0.85741013081497464        1.2104123539251486     
  -1.0133324400014772      -0.67334214620262323       0.40423809234905406       0.85115297027669001        1.2078394076511625     
  -1.0165404388114077      -0.67741291224812272       0.40486506151625612       0.84487334916932078        1.2052582951086581     
  -1.0197276003120788      -0.68147100623597368       0.40549538401763030       0.83857178363814455        1.2026692185524812     
  -1.0228938995810353      -0.68551619431816491       0.40612890104091015       0.83224879302524712        1.2000723820770087     
  -1.0260393125198757      -0.68954824675278736       0.40676545640704020       0.82590489982721493        1.1974679915849489     
  -1.0291638158607785      -0.69356693785293189       0.40740489653183154       0.81954062965258068        1.1948562547561323     
  -1.0322673871731070      -0.69757204593590139       0.40804707038799215       0.81315651117891719        1.1922373810158824     
  -1.0353500048700841      -0.70156335327267172       0.40869182946754989       0.80675307610956004        1.1896115815034705     
  -1.0384116482156376      -0.70554064603773803       0.40933902774465736       0.80033085913009039        1.1869790690401771     
  -1.0414522973312721      -0.70950371425916892       0.40998852163878752       0.79389039786445359        1.1843400580973391     
  -1.0444719332031251      -0.71345235176916333       0.41064016997823671       0.78743223283083452        1.1816947647640603     
  -1.0474705376890778      -0.71738635615479573       0.41129383396422270       0.78095690739713497        1.1790434067149835     
  -1.0504480935259597      -0.72130552870920894       0.41194937713524915       0.77446496773634799        1.1763862031777474     
  -1.0534045843369366      -0.72520967438314088       0.41260666533191781       0.76795696278145087        1.1737233749002929     
  -1.0563399946389378      -0.72909860173684393       0.41326556666219538       0.76143344418020220        1.1710551441181476     
  -1.0592543098502265      -0.73297212289235070       0.41392595146708899       0.75489496624957475        1.1683817345214536     
  -1.0621475162980847      -0.73683005348616071       0.41458769228678172       0.74834208593001783        1.1657033712219036     
  -1.0650196012266360      -0.74067221262229133       0.41525066382707543       0.74177536273936973        1.1630202807195662     
  -1.0678705528047079      -0.74449842282568213       0.41591474292645358       0.73519535872667241        1.1603326908695824     
  -1.0707003601339213      -0.74830850999610554       0.41657980852337140       0.72860263842564343        1.1576408308487043     
  -1.0735090132568068      -0.75210230336235462       0.41724574162420502       0.72199776880801991        1.1549449311217828     
  -1.0762965031650840      -0.75587963543686598       0.41791242527134465       0.71538131923657922        1.1522452234081069     
  -1.0790628218080656      -0.75964034197080288       0.41857974451197499       0.70875386141812946        1.1495419406476568     
  -1.0818079621011361      -0.76338426190943132       0.41924758636706372       0.70211596935610565        1.1468353169672767     
  -1.0845319179344290      -0.76711123734799003       0.41991583980099811       0.69546821930312142        1.1441255876467356     
  -1.0872346841815279      -0.77082111348789262       0.42058439569140482       0.68881118971330935        1.1414129890847100     
  -1.0899162567084044      -0.77451373859338979       0.42125314679943138       0.68214546119442865        1.1386977587646978     
  -1.0925766323823520      -0.77818896394856196       0.42192198774065481       0.67547161645989462        1.1359801352208443     
  -1.0952158090811288      -0.78184664381477020       0.42259081495595119       0.66879024028059675        1.1332603580037155     
  -1.0978337857021838      -0.78548663538845531       0.42325952668340250       0.66210191943657115        1.1305386676460376     
  -1.1004305621720416      -0.78910879875934548       0.42392802292980925       0.65540724266853978        1.1278153056283138     
  -1.1030061394557347      -0.79271299686913110       0.42459620544325816       0.64870680062930042        1.1250905143444214     
  -1.1055605195664011      -0.79629909547032263       0.42526397768571123       0.64200118583500476        1.1223645370672326     
  -1.1080937055750102      -0.79986696308575311       0.42593124480610633       0.63529099261629085        1.1196376179140728     
  -1.1106057016201678      -0.80341647096829050       0.42659791361370480       0.62857681706929114        1.1169100018122471     
  -1.1130965129180623      -0.80694749306098323       0.42726389255197006       0.62185925700656597        1.1141819344645327     
  -1.1155661457724744      -0.81045990595759676       0.42792909167265414       0.61513891190787717        1.1114536623145685     
  -1.1180146075849553      -0.81395358886350522       0.42859342261030520       0.60841638287089950        1.1087254325123350     
  -1.1204419068650875      -0.81742842355699352       0.42925679855706278       0.60169227256183611        1.1059974928795615     
  -1.1228480532408067      -0.82088429435083299       0.42991913423786166       0.59496718516588132        1.1032700918751885     
  -1.1252330574689005      -0.82432108805439874       0.43058034588594118       0.58824172633767269        1.1005434785607076     
  -1.1275969314455310      -0.82773869393595412       0.43124035121862114       0.58151650315165426        1.0978179025657138     
  -1.1299396882168917      -0.83113700368545729       0.43189906941342926       0.57479212405226576        1.0950936140532690     
  -1.1322613419899152      -0.83451591137758818       0.43255642108461423       0.56806919880417794        1.0923708636854510     
  -1.1345619081431124      -0.83787531343529587       0.43321232825983280       0.56134833844239296        1.0896499025887820     
  -1.1368414032374492      -0.84121510859351645       0.43386671435720991       0.55463015522228432        1.0869309823198261     
  -1.1390998450273084      -0.84453519786338127       0.43451950416263863       0.54791526256953915        1.0842143548307739     
  -1.1413372524715086      -0.84783548449673418       0.43517062380751703       0.54120427503013424        1.0815002724349814     
  -1.1435536457444115      -0.85111587395090460       0.43582000074646388       0.53449780822011128        1.0787889877727590     
  -1.1457490462470403      -0.85437627385396731       0.43646756373564166       0.52779647877541258        1.0760807537770258     
  -1.1479234766182724      -0.85761659397025802       0.43711324281107800       0.52110090430161016        1.0733758236391093     
  -1.1500769607460750      -0.86083674616620520       0.43775696926746832       0.51441170332353003        1.0706744507746482     
  -1.1522095237787511      -0.86403664437655614       0.43839867563700885       0.50772949523489075        1.0679768887895094     
  -1.1543211921362246      -0.86721620457089976       0.43903829566864161       0.50105490024787791        1.0652833914457656     
  -1.1564119935212922      -0.87037534472048605       0.43967576430746114       0.49438853934258553        1.0625942126278858     
  -1.1584819569309950      -0.87351398476543629       0.44031101767452263       0.48773103421646802        1.0599096063088691     
  -1.1605311126678242      -0.87663204658226412       0.44094399304642806       0.48108300723370512        1.0572298265165117     
  -1.1625594923510452      -0.87972945395164714       0.44157462883577381       0.47444508137452601        1.0545551272998921     
  -1.1645671289279171      -0.88280613252658213       0.44220286457131053       0.46781788018437886        1.0518857626957931     
  -1.1665540566849035      -0.88586200980085295       0.44282864087856311       0.46120202772316610        1.0492219866953505     
  -1.1685203112588010      -0.88889701507780927       0.44345189946056607       0.45459814851428071        1.0465640532107869     
  -1.1704659296478539      -0.89191107943937631       0.44407258307884234       0.44800686749362661        1.0439122160422727     
  -1.1723909502227468      -0.89490413571555116       0.44142880995852707       0.44469063553458987        1.0412667288448976     
  -1.1742954127375036      -0.89787611845399162       0.43486460151659223       0.44530600165003342        1.0386278450958226     
  -1.1761793583403133      -0.90082696389010763       0.42831486803439844       0.44591862724999132        1.0359958180614903     
  -1.1780428295841965      -0.90375660991728957       0.42178023558615152       0.44652845914354700        1.0333709007650960     
  -1.1798858704375412      -0.90666499605752193       0.41526133040217772       0.44713544510607939        1.0307533459541176     
  -1.1817085262945231      -0.90955206343238260       0.40875877881733835       0.44773953386130216        1.0281434060679473     
  -1.1835108439852799      -0.91241775473411302       0.40227320721928628       0.44834067506352504        1.0255413332058687     
  -1.1852928717859417      -0.91526201419719122       0.39580524199656608       0.44893881928017798        1.0229473790950578     
  -1.1870546594284512      -0.91808478757011969       0.38935550948663078       0.44953391797430164        1.0203617950587116     
  -1.1887962581101252      -0.92088602208750459       0.38292463592361514       0.45012592348746239        1.0177848319844607     
  -1.1905177205030011      -0.92366566644243875       0.37651324738599712       0.45071478902260864        1.0152167402929120     
  -1.1922191007628715      -0.92642367075914045       0.37012196974404077       0.45130046862721684        1.0126577699063670     
  -1.1939004545380865      -0.92915998656598298       0.36375142860703669       0.45188291717648177        1.0101081702176806     
  -1.1955618389779357      -0.93187456676868052       0.35740224927035058       0.45246209035678753        1.0075681900593807     
  -1.1972033127408110      -0.93456736562382403       0.35107505666226224       0.45303794464928160        1.0050380776729515     
  -1.1988249360019410      -0.93723833871273321       0.34477047529045279       0.45361043731355899        1.0025180806782608     
  -1.2004267704607070      -0.93988744291556259       0.33848912918839780       0.45417952637152048        1.0000084460432248     
  -1.2020088793476233      -0.94251463638562427       0.33223164186131271       0.45474517059138009       0.99750942005372067     
  -1.2035713274308328      -0.94511987852415125       0.32599863623192782       0.45530732947186259       0.99502124828355143     
  -1.2051141810221004      -0.94770312995515127       0.31979073458588481       0.45586596322651118       0.99254417556480945     
  -1.2066375079824052      -0.95026435250072794       0.31360855851680292       0.45642103276799872       0.99007844595822370     
  -1.2081413777269177      -0.95280350915653855       0.30745272887101827       0.45697249969290432       0.98762430272392088     
  -1.2096258612294495      -0.95532056406756105       0.30132386569191283       0.45752032626638872       0.98518198829229320     
  -1.2110910310263687      -0.95781548250423576       0.29522258816385438       0.45806447540699757       0.98275174423503131     
  -1.2125369612198167      -0.96028823083873327       0.28914951455575100       0.45860491067175069       0.98033381123647700     
  -1.2139637274803619      -0.96273877652159179       0.28310526216407261       0.45914159624136452       0.97792842906509847     
  -1.2153714070489041      -0.96516708805867957       0.27709044725553866       0.45967449690541606       0.97553583654522313     
  -1.2167600787379200      -0.96757313498820885       0.27110568500915200       0.46020357804800227       0.97315627152898010     
  -1.2181298229319459      -0.96995688785835021       0.26515158945785977       0.46072880563320950       0.97078997086843444     
  -1.2194807215872636      -0.97231831820483094       0.25922877342959261       0.46125014619093463       0.96843717038792754     
  -1.2208128582308326      -0.97465739852895794       0.25333784848773355       0.46176756680279141       0.96609810485669279     
  -1.2221263179582920      -0.97697410227586623       0.24747942487099905       0.46228103508821228       0.96377300796157428     
  -1.2234211874311480      -0.97926840381303748       0.24165411143272841       0.46279051919065317       0.96146211228007061     
  -1.2246975548730088      -0.98154027840914537       0.23586251557946625       0.46329598776399727       0.95916564925347281     
  -1.2259555100648569      -0.98378970221301998       0.23010524320887527       0.46379740995913110       0.95688384916034863     
  -1.2271951443393743      -0.98601665223309531       0.22438289864698291       0.46429475541065379       0.95461694109005180     
  -1.2284165505741651      -0.98822110631690840       0.21869608458463041       0.46478799422377826       0.95236515291662904     
  -1.2296198231839988      -0.99040304313105310       0.21304540201314026       0.46527709696145259       0.95012871127274323     
  -1.2308050581118479      -0.99256244214123157       0.20743145015928910       0.46576203463153298       0.94790784152393037     
  -1.2319723528188984      -0.99469928359271975       0.20185482641929653       0.46624277867430131       0.94570276774297568     
  -1.2331218062732425      -0.99681354849098547       0.19631612629210693       0.46671930095011049       0.94351371268452411     
  -1.2342535189374999      -0.99890521858261216       0.19081594331161789       0.46719157372719344       0.94134089775982410     
  -1.2353675927550398       -1.0009742763365370       0.18535486897815723       0.46765956966966193       0.93918454301168453     
  -1.2364641311350528       -1.0030207049254294       0.17993349268888181       0.46812326182578268       0.93704486708961987     
  -1.2375432389361389       -1.0050444882074459       0.17455240166723485       0.46858262361652336       0.93492208722516423     
  -1.2386050224486578       -1.0070456107082197       0.16921218089141554       0.46903762882404720       0.93281641920727409     
  -1.2396495893755972       -1.0090240576030496       0.16391341302176521       0.46948825158078655       0.93072807735804197     
  -1.2406770488120209       -1.0109798146993647       0.15865667832709995       0.46993446635853076       0.92865727450841185     
  -1.2416875112230308       -1.0129128684195781       0.15344255460998646       0.47037624795777866       0.92660422197416636     
  -1.2426810884202322       -1.0148232057840065       0.14827161713080095       0.47081357149743752       0.92456912953194070     
  -1.2436578935366285       -1.0167108143941093       0.14314443853071168       0.47124641240471021       0.92255220539551175     
  -1.2446180409999652       -1.0185756824161025       0.13806158875348729       0.47167474640515472       0.92055365619205176     
  -1.2455616465044059       -1.0204177985646226       0.13302363496598169       0.47209854951330854       0.91857368693868047     
  -1.2464888269806664       -1.0222371520868325       0.12803114147758343       0.47251779802320115       0.91661250101895675     
  -1.2473997005643245       -1.0240337327466396       0.12308466965822795       0.47293246849954329       0.91467030015964035     
  -1.2482943865625789       -1.0258075308092405       0.11818477785524806       0.47334253776888779       0.91274728440742514     
  -1.2491730054191663       -1.0275585370259090       0.11333202130887976       0.47374798291136955       0.91084365210585361     
  -1.2500356786775999       -1.0292867426190107       0.10852695206650331       0.47414878125252713       0.90895959987223129     
  -1.2508825289425598       -1.0309921392672781       0.10377011889549514       0.47454491035560764       0.90709532257472425     
  -1.2517136798395576       -1.0326747190913004        9.9062067194775949E-002  0.47493634801426410       0.90525101330944935     
  -1.2525292559727035       -1.0343344746393477        9.4403338904992751E-002  0.47532307224529902       0.90342686337760014     
  -1.2533293828807004       -1.0359713988733379        8.9794472417349169E-002  0.47570506128207413       0.90162306226270594     
  -1.2541141869909573       -1.0375854851550663        8.5236002480987949E-002  0.47608229356822385       0.89983979760792998     
  -1.2548837955718657       -1.0391767272327925        8.0728460109131817E-002  0.47645474775145580       0.89807725519326453     
  -1.2556383366831181       -1.0407451192278501        7.6272372483684236E-002  0.47682240267817733       0.89633561891297298     
  -1.2563779391242562       -1.0422906556217288        7.1868262858560072E-002  0.47718523738819663       0.89461507075288793     
  -1.2571027323812682       -1.0438133312431859        6.7516650461545424E-002  0.47754323110985375       0.89291579076777516     
  -1.2578128465713458       -1.0453131412558161        6.3218050394876713E-002  0.47789636325564189       0.89123795705867614     
  -1.2585084123856767       -1.0467900811456214        5.8972973534357820E-002  0.47824461341827273       0.88958174575036253     
  -1.2591895610304693       -1.0482441467089973        5.4781926427175165E-002  0.47858796136693371       0.88794733096858991     
  -1.2598564241660011       -1.0496753340408294        5.0645411188357414E-002  0.47892638704422907       0.88633488481753098     
  -1.2605091338439109       -1.0510836395229344        4.6563925395886940E-002  0.47925987056342123       0.88474457735705236     
  -1.2611478224425916       -1.0524690598125996        4.2537961984569606E-002  0.47958839220611083       0.88317657658003590     
  -1.2617726226007555       -1.0538315918315035        3.8568009138577608E-002  0.47991193242041064       0.88163104838964301     
  -1.2623836671492903       -1.0551712327547058        3.4654550182763089E-002  0.48023047181943213       0.88010815657653829     
  -1.2629810890412294       -1.0564879799999876        3.0798063472765591E-002  0.48054399118043278       0.87860806279610770     
  -1.2635650212801064       -1.0577818312173175        2.6999022283963114E-002  0.48085247144422816       0.87713092654560931     
  -1.2641355968465398       -1.0590527842786237        2.3257894699270310E-002  0.48115589371518652       0.87567690514126006     
  -1.2646929486232281       -1.0603008372677394        1.9575143495867309E-002  0.48145423926150599       0.87424615369534386     
  -1.2652372093182613       -1.0615259884705459        1.5951226030942678E-002  0.48174748951621638       0.87283882509319355     
  -1.2657685113869519       -1.0627282363654107        1.2386594126347461E-002  0.48203562607840134       0.87145506997016753     
  -1.2662869869521405       -1.0639075796137547        8.8816939524836158E-003  0.48231863071493564       0.87009503668860333     
  -1.2667927677230750       -1.0650640170509043        5.4369659112527557E-003  0.48259648536278910       0.86875887131463969     
  -1.2672859849128795       -1.0661975476770742        2.0528445182641519E-003  0.48286917213161118       0.86744671759512570     
  -1.2677667691547647       -1.0673081706486425       -1.2702417156997825E-003  0.48313667330692311       0.86615871693441093     
  -1.2682352504170069       -1.0683958852696129       -4.5318704037544677E-003  0.48339897135356402       0.86489500837104671     
  -1.2686915579167444       -1.0694606909832309       -7.7316254026129627E-003  0.48365604891978720       0.86365572855462425     
  -1.2691358200327389       -1.0705025873638476       -1.0869096932674793E-002  0.48390788884168323       0.86244101172246523     
  -1.2695681642171763       -1.0715215741090507       -1.3943881698510907E-002  0.48415447414789448       0.86125098967629121     
  -1.2699887169065072       -1.0725176510318430       -1.6955583009581332E-002  0.48439578806501338       0.86008579175904210     
  -1.2703976034316256       -1.0734908180531804       -1.9903810901071850E-002  0.48463181402309274       0.85894554483146202     
  -1.2707949479272376       -1.0744410751945708       -2.2788182254902978E-002  0.48486253566176352       0.85783037324897649     
  -1.2711808732407537       -1.0753684225710085       -2.5608320920529337E-002  0.48508793683663498       0.85674039883840791     
  -1.2715555008406412       -1.0762728603839733       -2.8363857835659090E-002  0.48530800162598986       0.85567574087478171     
  -1.2719189507244835       -1.0771543889147210       -3.1054431146653627E-002  0.48552271433793059       0.85463651605830115     
  -1.2722713413267606       -1.0780130085177007       -3.3679686328497382E-002  0.48573205951779919       0.85362283849123877     
  -1.2726127894265495       -1.0788487196142036       -3.6239276304241841E-002  0.48593602195590968       0.85263481965505861     
  -1.2729434100552268       -1.0796615226861785       -3.8732861563781640E-002  0.48613458669547427       0.85167256838763450     
  -1.2732633164043019       -1.0804514182702363       -4.1160110281785123E-002  0.48632773904104987       0.85073619086051266     
  -1.2735726197335620       -1.0812184069518587       -4.3520698434768690E-002  0.48651546456684258       0.84982579055649232     
  -1.2738714292795787       -1.0819624893597588       -4.5814309916977436E-002  0.48669774912567654       0.84894146824722405     
  -1.2741598521648072       -1.0826836661604524       -4.8040636655168001E-002  0.48687457885768026       0.84808332197118830     
  -1.2744379933073144       -1.0833819380530123       -5.0199378721961452E-002  0.48704594019956104       0.84725144701175026     
  -1.2747059553314131       -1.0840573057639400       -5.2290244447702250E-002  0.48721181989380291       0.84644593587555228     
  -1.2749638384791293       -1.0847097700423163       -5.4312950530674087E-002  0.48737220499796052       0.84566687827121001     
  -1.2752117405229981       -1.0853393316550637       -5.6267222145537588E-002  0.48752708289416447       0.84491436108823059     
  -1.2754497566798300       -1.0859459913823564       -5.8152793049805140E-002  0.48767644129864784       0.84418846837639094     
  -1.2756779795261366       -1.0865297500132929       -5.9969405688232058E-002  0.48782026827119651       0.84348928132538425     
  -1.2758964989149195       -1.0870906083416614       -6.1716811294996177E-002  0.48795855222474138       0.84281687824491414     
  -1.2761054018942612       -1.0876285671619073       -6.3394769993426081E-002  0.48809128193488505       0.84217133454517601     
  -1.2763047726276859       -1.0881436272653033       -6.5003050893308156E-002  0.48821844654924185       0.84155272271783943     
  -1.2764946923164455       -1.0886357894361627       -6.6541432185450944E-002  0.48834003559694850       0.84096111231752957     
  -1.2766752391240708       -1.0891050544484067       -6.8009701233439301E-002  0.48845603899774126       0.84039656994371370     
  -1.2768464881029793       -1.0895514230621419       -6.9407654662434481E-002  0.48856644707121788       0.83985915922330179     
  -1.2770085111236362       -1.0899748960204843       -7.0735098444940192E-002  0.48867125054555594       0.83934894079364852     
  -1.2771613768061130       -1.0903754740464890       -7.1991847983257529E-002  0.48877044056633956       0.83886597228631032     
  -1.2773051504543407       -1.0907531578403340       -7.3177728188639435E-002  0.48886400870492430       0.83841030831133700     
  -1.2774398939931579       -1.0911079480765355       -7.4292573556933306E-002  0.48895194696672561       0.83798200044226334     
  -1.2775656659082024       -1.0914398454014407       -7.5336228240633574E-002  0.48903424779898508       0.83758109720180229     
  -1.2776825211888472       -1.0917488504308235       -7.6308546117202170E-002  0.48911090409843005       0.83720764404821324     
  -1.2777905112742456       -1.0920349637476487       -7.7209390853514748E-002  0.48918190921842530       0.83686168336248024     
  -1.2778896840026164       -1.0922981858999847       -7.8038635966436232E-002  0.48924725697580485       0.83654325443617950     
  -1.2779800835638397       -1.0925385173991060       -7.8796164879245012E-002  0.48930694165733435       0.83625239346019598     
  -1.2780617504555210       -1.0927559587176940       -7.9481870974007052E-002  0.48936095802571700       0.83598913351426418     
  -1.2781347214424947       -1.0929505102882668       -8.0095657639638773E-002  0.48940930132513216       0.83575350455727992     
  -1.2781990295199925       -1.0931221725016798       -8.0637438315680043E-002  0.48945196728631402       0.83554553341852689     
  -1.2782547038805046       -1.0932709457059016       -8.1107136531658242E-002  0.48948895213117538       0.83536524378977006     
  -1.2783017698842603       -1.0933968302047621       -8.1504685942009658E-002  0.48952025257698928       0.83521265621821250     
  -1.2783402490336258       -1.0934998262570623       -8.1830030356458749E-002  0.48954586583984749       0.83508778810038642     
  -1.2783701589513417       -1.0935799340756791       -8.2083123765789523E-002  0.48956578963777275       0.83499065367693426     
  -1.2783915133625872       -1.0936371538268936       -8.2263930363032145E-002  0.48958002219334240       0.83492126402838096     
  -1.2784043220810588       -1.0936714856298497       -8.2372424559977730E-002  0.48958856223549496       0.83487962707177310     
  -1.2784085909989678       -1.0936829295561985       -8.2408590998962694E-002  0.48959140900103648       0.83486574755827014     
