  -1.2784085909989678       -1.0936829295561985       -8.2408590998962694E-002  0.48959140900103648       0.83486574755827014     
  -1.2784052720334635       -1.0936635313818819       -8.2402464187195434E-002  0.48960011608359189       0.83486287158696015     
  -1.2783953169834170       -1.0936053385182554       -8.2384084478812625E-002  0.48962623770379210       0.83485424542825726     
  -1.2783787313884538       -1.0935083559424648       -8.2353454054196362E-002  0.48966977497887676       0.83483987434741813     
  -1.2783555244819844       -1.0933725919466664       -8.2310576546021252E-002  0.48973072976957610       0.83481976711834882     
  -1.2783257091923446       -1.0931980581334884       -8.2255457037271995E-002  0.48980910467798111       0.83479393602107166     
  -1.2782893021442234       -1.0929847694097781       -8.2188102058555756E-002  0.48990490304481682       0.83476239683860598     
  -1.2782463236605821       -1.0927327439784236       -8.2108519584538797E-002  0.49001812894565866       0.83472516885249526     
  -1.2781967977647728       -1.0924420033285536       -8.2016719029708085E-002  0.49014878718654309       0.83468227483771074     
  -1.2781407521831589       -1.0921125722240532       -8.1912711243248282E-002  0.49029688329858523       0.83463374105640220     
  -1.2780782183478099       -1.0917444786903729       -8.1796508503256149E-002  0.49046242353196057       0.83457959725076059     
  -1.2780092313994142       -1.0913377539998734       -8.1668124510073881E-002  0.49064541484895230       0.83451987663498883     
  -1.2779338301904755       -1.0908924326554281       -8.1527574378949197E-002  0.49084586491621351       0.83445461588619807     
  -1.2778520572883778       -1.0904085523729599       -8.1374874631830352E-002  0.49106378209630286       0.83438385513436941     
  -1.2777639589785537       -1.0898861540621354       -8.1210043188530534E-002  0.49129917543836221       0.83430763795152885     
  -1.2776695852675708       -1.0893252818060830       -8.1033099356968563E-002  0.49155205466797902       0.83422601133970531     
  -1.2775689898860190       -1.0887259828397831       -8.0844063822777201E-002  0.49182243017630256       0.83413902571810183     
  -1.2774622302911460       -1.0880883075273005       -8.0642958638135198E-002  0.49211031300838926       0.83404673490928438     
  -1.2773493676691778       -1.0874123093379833       -8.0429807209791093E-002  0.49241571485070956       0.83394919612435281     
  -1.2772304669372190       -1.0866980448217678       -8.0204634286424437E-002  0.49273864801786971       0.83384646994719525     
  -1.2771055967446188       -1.0859455735834427       -7.9967465945189886E-002  0.49307912543866905       0.83373862031776547     
  -1.2769748294736569       -1.0851549582563358       -7.9718329577618263E-002  0.49343716064128351       0.83362571451439393     
  -1.2768382412396679       -1.0843262644751981       -7.9457253874707590E-002  0.49381276773771710       0.83350782313513783     
  -1.2766959118902470       -1.0834595608485049       -7.9184268811328451E-002  0.49420596140750916       0.83338502007816828     
  -1.2765479250035874       -1.0825549189303771       -7.8899405629925923E-002  0.49461675688070983       0.83325738252114512     
  -1.2763943678858301       -1.0816124131918805       -7.8602696823486085E-002  0.49504516992007552       0.83312499089971936     
  -1.2762353315673796       -1.0806321209922736       -7.8294176117832848E-002  0.49549121680259667       0.83298792888491491     
  -1.2760709107979977       -1.0796141225498346       -7.7973878453207135E-002  0.49595491430019223       0.83284628335967703     
  -1.2759012040406095       -1.0785585009126262       -7.7641839965160386E-002  0.49643627965980741       0.83270014439439421     
  -1.2757263134639238       -1.0774653419292388       -7.7298097964808576E-002  0.49693533058274220       0.83254960522140564     
  -1.2755463449334172       -1.0763347342195040       -7.6942690918368584E-002  0.49745208520327644       0.83239476220856012     
  -1.2753614080010305       -1.0751667691453441       -7.6575658426067506E-002  0.49798656206665015       0.83223571483189751     
  -1.2751716158931483       -1.0739615407818608       -7.6197041200385840E-002  0.49853878010626929       0.83207256564710974     
  -1.2749770854970190       -1.0727191458885095       -7.5806881043698482E-002  0.49910875862040527       0.83190542026029668     
  -1.2747779373454478       -1.0714396838807758       -7.5405220825246033E-002  0.49969651724805431       0.83173438729750515     
  -1.2745742955997290       -1.0701232568021535       -7.4992104457498598E-002  0.50030207594428688       0.83155957837350059     
  -1.2743662880307571       -1.0687699692965040       -7.4567576871924501E-002  0.50092545495489738       0.83138110805937337     
  -1.2741540459982925       -1.0673799285809942       -7.4131683994179909E-002  0.50156667479045858       0.83119909384929791     
  -1.2739377044282971       -1.0659532444194930       -7.3684472718674954E-002  0.50222575619972787       0.83101365612621336     
  -1.2737174017883266       -1.0644900290966284       -7.3225990882606951E-002  0.50290272014250625       0.83082491812654524     
  -1.2734932800608991       -1.0629903973923724       -7.2756287239446493E-002  0.50359758776189345       0.83063300590405476     
  -1.2732654847149050       -1.0614544665572723       -7.2275411431816039E-002  0.50431038035600295       0.83043804829251933     
  -1.2730341646749572       -1.0598823562884707       -7.1783413963954601E-002  0.50504111934899498       0.83024017686761376     
  -1.2727994722886340       -1.0582741887063190       -7.1280346173544729E-002  0.50578982626177904       0.83003952590766694     
  -1.2725615632916885       -1.0566300883317243       -7.0766260203132703E-002  0.50655652268204143       0.82983623235354109     
  -1.2723205967711362       -1.0549501820642782       -7.0241208971022928E-002  0.50734123023379141       0.82963043576752327     
  -1.2720767351263031       -1.0532345991610903       -6.9705246141756660E-002  0.50814397054646143       0.82942227829117954     
  -1.2718301440276640       -1.0514834712164038       -6.9158426096036507E-002  0.50896476522347633       0.82921190460230854     
  -1.2715809923737371       -1.0496969321419396       -6.8600803900357832E-002  0.50980363581041743       0.82899946187095530     
  -1.2713294522457321       -1.0478751181480437       -6.8032435276112579E-002  0.51066060376272304       0.82878509971429537     
  -1.2710756988602050       -1.0460181677255349       -6.7453376568350265E-002  0.51153569041294844       0.82856897015080655     
  -1.2708199105195916       -1.0441262216283498       -6.6863684714144611E-002  0.51242891693768122       0.82835122755330026     
  -1.2705622685608660       -1.0421994228569087       -6.6263417210624453E-002  0.51334030432399125       0.82813202860102209     
  -1.2703029573018014       -1.0402379166421873       -6.5652632082624507E-002  0.51426987333562835       0.82791153223090497     
  -1.2700421639856270       -1.0382418504305253       -6.5031387850037703E-002  0.51521764447877239       0.82768989958787387     
  -1.2697800787234659       -1.0362113738691683       -6.4399743494877981E-002  0.51618363796750621       0.82746729397397267     
  -1.2695168944348527       -1.0341466387923770       -6.3757758428039324E-002  0.51716787368902573       0.82724388079700439     
  -1.2692528067863815       -1.0320477992082981       -6.3105492455822088E-002  0.51817037116849818       0.82701982751788172     
  -1.2689880141284888       -1.0299150112864535       -6.2443005746191105E-002  0.51919114953369849       0.82679530359716580     
  -1.2687227174302134       -1.0277484333457600       -6.1770358794843716E-002  0.52023022747945014       0.82657048044084647     
  -1.2684571202124157       -1.0255482258432185       -6.1087612391077073E-002  0.52128762323175870       0.82634553134505317     
  -1.2681914284789624       -1.0233145513631712       -6.0394827583472477E-002  0.52236335451186733       0.82612063143994163     
  -1.2679258506463515       -1.0210475746069605       -5.9692065645455372E-002  0.52345743850004034       0.82589595763274914     
  -1.2676605974715844       -1.0187474623832564       -5.8979388040702574E-002  0.52456989179932378       0.82567168854995998     
  -1.2673958819783451       -1.0164143835987449       -5.8256856388474887E-002  0.52570073039904841       0.82544800447862521     
  -1.2671319193816970       -1.0140485092493527       -5.7524532428853803E-002  0.52684996963837349       0.82522508730682986     
  -1.2668689270111031       -1.0116500124117369       -5.6782477987901814E-002  0.52801762416965126       0.82500312046335367     
  -1.2666071242320154       -1.0092190682353621       -5.6030754942877792E-002  0.52920370792184990       0.82478228885656790     
  -1.2663467323659443       -1.0067558539347878       -5.5269425187347565E-002  0.53040823406383453       0.82456277881245299     
  -1.2660879746092526       -1.0042605487823373       -5.4498550596353112E-002  0.53163121496778665       0.82434477801190731     
  -1.2658310759503326       -1.0017333341010612       -5.3718192991645708E-002  0.53287266217259344       0.82412847542729395     
  -1.2655762630857410      -0.99917439325801105       -5.2928414106972355E-002  0.53413258634721572       0.82391406125819167     
  -1.2653237643349158      -0.99658391165764115       -5.2129275553452814E-002  0.53541099725432417       0.82370172686651522     
  -1.2650738095536980      -0.99396207673560966       -5.1320838785066769E-002  0.53670790371387689       0.82349166471083812     
  -1.2648266300467697      -0.99130907795258238       -5.0503165064323952E-002  0.53802331356687461       0.82328406828007239     
  -1.2645824584788699      -0.98862510678835136       -4.9676315428051510E-002  0.53935723363935928       0.82307913202652294     
  -1.2643415287850388      -0.98591035673597816       -4.8840350653426512E-002  0.54070966970648371       0.82287705129821198     
  -1.2641040760798159      -0.98316502329609712       -4.7995331224194970E-002  0.54208062645685651       0.82267802227070774     
  -1.2638703365655140      -0.98038930397136781       -4.7141317297157315E-002  0.54347010745713575       0.82248224187821783     
  -1.2636405474395414      -0.97758339826087592       -4.6278368668918546E-002  0.54487811511683937       0.82228990774424560     
  -1.2634149468009035      -0.97474750765465679       -4.5406544742926158E-002  0.54630465065352141       0.82210121811162118     
  -1.2631937735559600      -0.97188183562822061       -4.4525904496856228E-002  0.54774971405815087       0.82191637177203347     
  -1.2629772673232935      -0.96898658763706891       -4.3636506450305035E-002  0.54921330406092572       0.82173556799508773     
  -1.2627656683380692      -0.96606197111120728       -4.2738408632887470E-002  0.55069541809747413       0.82155900645690139     
  -1.2625592173555891      -0.96310819544961745       -4.1831668552720913E-002  0.55219605227533464       0.82138688716823260     
  -1.2623581555543204      -0.96012547201462617       -4.0916343165326552E-002  0.55371520134094077       0.82121941040229274     
  -1.2621627244384825      -0.95711401412633990       -3.9992488842967688E-002  0.55525285864706575       0.82105677662204712     
  -1.2619731657399740      -0.95407403705676330       -3.9060161344442790E-002  0.55680901612063316       0.82089918640734183     
  -1.2617897213200138      -0.95100575802404208       -3.8119415785441646E-002  0.55838366423109775       0.82074684038155432     
  -1.2616126330703299      -0.94790939618643222       -3.7170306609295878E-002  0.55997679195934857       0.82059993913814289     
  -1.2614421428140670      -0.94478517263618400       -3.6212887558370710E-002  0.56158838676710410       0.82045868316686921     
  -1.2612784922063991      -0.94163331039330522       -3.5247211645941690E-002  0.56321843456682608       0.82032327277975448     
  -1.2611219226349135      -0.93845403439911479       -3.4273331128716222E-002  0.56486691969237235       0.82019390803702663     
  -1.2609726751198753      -0.93524757150962046       -3.3291297479859594E-002  0.56653382487005288       0.82007078867281002     
  -1.2608309902143766      -0.93201415048879710       -3.2301161362749298E-002  0.56821913119046386       0.81995411402077778     
  -1.2606971079043277      -0.92875400200159142       -3.1302972605297796E-002  0.56992281808087597       0.81984408293974553     
  -1.2605712675086327      -0.92546735860667617       -3.0296780174952076E-002  0.57164486327832975       0.81974089373924919     
  -1.2604537075792202      -0.92215445474916180       -2.9282632154357557E-002  0.57338524280342007       0.81964474410517063     
  -1.2603446658013429      -0.91881552675293854       -2.8260575717757419E-002  0.57514393093471128       0.81955583102538476     
  -1.2602443788939155      -0.91545081281281071       -2.7230657108042067E-002  0.57692090018395881       0.81947435071558239     
  -1.2601530825101115      -0.91206055298646227       -2.6192921614594411E-002  0.57871612127208216       0.81940049854518371     
  -1.2600710111382689      -0.90864498918612213       -2.5147413551804831E-002  0.58052956310570814       0.81933446896349338     
  -1.2599983980030345      -0.90520436516999148       -2.4094176238419251E-002  0.58236119275476739       0.81927645542606164     
  -1.2599354749669427      -0.90173892653344545       -2.3033251977620850E-002  0.58421097543063816       0.81922665032135278     
  -1.2598824724324338      -0.89824892069994000       -2.1964682037884486E-002  0.58607887446516926       0.81918524489771549     
  -1.2598396192442571      -0.89473459691166290       -2.0888506634664239E-002  0.58796485129058951       0.81915242919079034     
  -1.2598071425925781      -0.89119620621992901       -1.9804764912874973E-002  0.58986886542009387       0.81912839195121379     
  -1.2597852679165307      -0.88763400147530191       -1.8713494930201691E-002  0.59179087442939426       0.81911332057289066     
  -1.2597742188084702      -0.88404823731746340       -1.7614733641231339E-002  0.59373083393905901       0.81910740102175517     
  -1.2597742169189452      -0.88043917016469564       -1.6508516882426605E-002  0.59568869759770671       0.81911081776508254     
  -1.2597854818624157      -0.87680705820326210       -1.5394879357987890E-002  0.59766441706609186       0.81912375370131230     
  -1.2598082311237864      -0.87315216137632312       -1.4273854626491556E-002  0.59965794200204492       0.81914639009070989     
  -1.2598426799657183      -0.86947474137272707       -1.3145475088489178E-002  0.60166922004629164       0.81917890648652936     
  -1.2598890413370238      -0.86577506161533790       -1.2009771974890171E-002  0.60369819680919257       0.81922148066704459     
  -1.2599475257819002      -0.86205338724928460       -1.0866775336285883E-002  0.60574481585834938       0.81927428856829820     
  -1.2600183413501931      -0.85830998512966339       -9.7165140331103572E-003  0.60780901870710835       0.81933750421774398     
  -1.2601016935088261      -0.85454512380922409       -8.5590157267034783E-003  0.60989074480397143       0.81941129966867265     
  -1.2601977850542578      -0.85075907352552882       -7.3943068712516435E-003  0.61198993152294889       0.81949584493568040     
  -1.2603068160261834      -0.84695210618792949       -6.2224127066272672E-003  0.61410651415473971       0.81959130793106461     
  -1.2604289836224201      -0.84312449536425227       -5.0433572520578451E-003  0.61624042589892625       0.81969785440216469     
  -1.2605644821151376      -0.83927651626712674       -3.8571633007808970E-003  0.61839159785698072       0.81981564786989836     
  -1.2607135027683807      -0.83540844574007522       -2.6638524155107035E-003  0.62055995902625050       0.81994484956829794     
  -1.2608762337569601      -0.83152056224326643       -1.4634449247648007E-003  0.62274543629481371       0.82008561838523697     
  -1.2610528600868118      -0.82761314583897061       -2.5595992016747005E-004  0.62494795443726403       0.82023811080436460     
  -1.2612435635168087      -0.82368647817673413        9.5858474546872685E-004  0.62716743611136749       0.82040248084826750     
  -1.2614485224821532      -0.81974084247824663        2.1801724591306026E-003  0.62940380185567513       0.82057888002291257     
  -1.2616679120192682      -0.81577652352188501        3.4087878477819800E-003  0.63165697008794019       0.82076745726337030     
  -1.2619019036923440      -0.81179380762696596        4.6444167776034107E-003  0.63392685710455687       0.82096835888098596     
  -1.2621506655216006      -0.80779298263775878        5.8870463524414163E-003  0.63621337708071835       0.82118172851189541     
  -1.2624143619131836      -0.80377433790702923        7.1366649114263936E-003  0.63851644207159985       0.82140770706693544     
  -1.2626931535908490      -0.79973816427952649        8.3932620256774726E-003  0.64083596201431448       0.82164643268316162     
  -1.2629871975294211      -0.79568475407491768        9.6568284942577520E-003  0.64317184473076772       0.82189804067675531     
  -1.2632966468901738      -0.79161440107058390        1.0927356339271554E-002  0.64552399593137189       0.82216266349753120     
  -1.2636216509579352      -0.78752740048402892        1.2204838800181861E-002  0.64789231921957047       0.82244043068504169     
  -1.2639623550802650      -0.78342404895506057        1.3489270327292857E-002  0.65027671609721338       0.82273146882623571     
  -1.2643189006084210      -0.77930464452754578        1.4780646574498846E-002  0.65267708597073693       0.82303590151488670     
  -1.2646914248404908      -0.77516948663097196        1.6078964391210704E-002  0.65509332615819105       0.82335384931249322     
  -1.2650800609663797      -0.77101887606166031        1.7384221813586009E-002  0.65752533189701445       0.82368542971111580     
  -1.2654849380149784      -0.76685311496366815        1.8696418054949149E-002  0.65997299635263040       0.82403075709777696     
  -1.2659061808032988      -0.76267250680934495        2.0015553495529304E-002  0.66243621062775482       0.82438994272069799     
  -1.2663439098878353      -0.75847735637966629        2.1341629671455919E-002  0.66491486377255349       0.82476309465724817     
  -1.2667982415179750      -0.75426796974417520        2.2674649263063174E-002  0.66740884279544943       0.82515031778379289     
  -1.2672692875916205      -0.75004465424066247        2.4014616082512319E-002  0.66991803267474204       0.82555171374726477     
  -1.2677571556130331      -0.74580771845450933        2.5361535060735463E-002  0.67244231637083374       0.82596738093864630     
  -1.2682619486527749      -0.74155747219768742        2.6715412233734526E-002  0.67498157483928800       0.82639741446824999     
  -1.2687837653100793      -0.73729422648754195        2.8076254728233607E-002  0.67753568704442912       0.82684190614292241     
  -1.2693226996772111      -0.73301829352511838        2.9444070746714956E-002  0.68010452997372184       0.82730094444508318     
  -1.2698788413063795      -0.72872998667332034        3.0818869551858086E-002  0.68268797865273356       0.82777461451369483     
  -1.2704522751787302      -0.72442962043457548        3.2200661450373147E-002  0.68528590616074858       0.82826299812711568     
  -1.2710430816757956      -0.72011751042839833        3.3589457776301401E-002  0.68789818364700217       0.82876617368782490     
  -1.2716513365530027      -0.71579397336836870        3.4985270873724161E-002  0.69052468034753289       0.82928421620920467     
  -1.2722771109158622      -0.71145932703900883        3.6388114078958367E-002  0.69316526360253583       0.82981719730402048     
  -1.2729204711982121      -0.70711389027224847        3.7798001702249451E-002  0.69581979887440326       0.83036518517500468     
  -1.2735814791428393      -0.70275798292350622        3.9214949008943734E-002  0.69848814976623252       0.83092824460725190     
  -1.2742601917845668      -0.69839192584749199        4.0638972200188306E-002  0.70117017804082060       0.83150643696258975     
  -1.2749566614355423      -0.69401604087374302        4.2070088393199256E-002  0.70386574364032661       0.83209982017580586     
  -1.2756709356729186      -0.68963065078167674        4.3508315601027192E-002  0.70657470470625405       0.83270844875279515     
  -1.2764030573288849      -0.68523607927538954        4.4953672711987025E-002  0.70929691760002100       0.83333237377060421     
  -1.2771530644830360      -0.68083265095815371        4.6406179468576170E-002  0.71203223692394246       0.83397164287936398     
  -1.2779209904570070      -0.67642069130647720        4.7865856446115629E-002  0.71478051554266564       0.83462630030606100     
  -1.2787068638115020      -0.67200052664386334        4.9332725030911462E-002  0.71754160460506888       0.83529638686013996     
  -1.2795107083455868      -0.66757248411422410        5.0806807398204867E-002  0.72031535356645193       0.83598193994102488     
  -1.2803325430983250      -0.66313689165495582        5.2288126489617781E-002  0.72310161021124664       0.83668299354734366     
  -1.2811723823525902      -0.65869407796960822        5.3776705990452811E-002  0.72590022067606164       0.83739957828802503     
  -1.2820302356413009      -0.65424437250022471        5.5272570306568625E-002  0.72871102947297928       0.83813172139512737     
  -1.2829061077557800      -0.64978810539936127        5.6775744541065265E-002  0.73153387951340676       0.83887944673839066     
  -1.2837999987564057      -0.64532560750165935        5.8286254470649723E-002  0.73436861213194682       0.83964277484153982     
  -1.2847119039854018      -0.64085721029510978        5.9804126521774137E-002  0.73721506711091500       0.84042172290030592     
  -1.2856418140819450      -0.63638324589190987        6.1329387746589248E-002  0.74007308270485694       0.84121630480197673     
  -1.2865897149993035      -0.63190404699901315        6.2862065798601208E-002  0.74294249566546533       0.84202653114668102     
  -1.2875555880241603      -0.62741994688821201        6.4402188908227131E-002  0.74582314126679883       0.84285240927023608     
  -1.2885394097980534      -0.62293127936588100        6.5949785858114396E-002  0.74871485333060228       0.84369394326852998     
  -1.2895411523408669      -0.61843837874238616        6.7504885958310723E-002  0.75161746425199283       0.84455113402343684     
  -1.2905607830763923      -0.61394157980098107        6.9067519021315249E-002  0.75453080502525616       0.84542397923015322     
  -1.2915982648598874      -0.60944121776644700        7.0637715336955509E-002  0.75745470526988434       0.84631247342607452     
  -1.2926535560075987      -0.60493762827328013        7.2215505647204026E-002  0.76038899325676823       0.84721660802093268     
  -1.2937266103282798      -0.60043114733344716        7.3800921120827923E-002  0.76333349593459587       0.84813637132841180     
  -1.2948173771565319      -0.59592211130379802        7.5393993328045639E-002  0.76628803895634157       0.84907174859895029     
  -1.2959258013880994      -0.59141085685305939        7.6994754215007788E-002  0.76925244670595028       0.85002272205389673     
  -1.2970518235169379      -0.58689772092842141        7.8603236078311767E-002  0.77222654232511978       0.85098927092080245     
  -1.2981953796740662      -0.58238304072165903        8.0219471539397347E-002  0.77521014774017871       0.85197137146994528     
  -1.2993564016681738      -0.57786715363492824        8.1843493519013322E-002  0.77820308368909785       0.85296899705192608     
  -1.3005348170280104      -0.57335039724610937        8.3475335211520729E-002  0.78120516974855647       0.85398211813631342     
  -1.3017305490462583      -0.56883310927369912        8.5115030059357721E-002  0.78421622436111171       0.85501070235134335     
  -1.3029435168252146      -0.56431562754134390        8.6762611727365879E-002  0.78723606486240527       0.85605471452453941     
  -1.3041736353238509      -0.55979828994185965        8.8418114077253307E-002  0.79026450750843935       0.85711411672433613     
  -1.3054208154066131      -0.55528143440093025        9.0081571142002659E-002  0.79330136750286506       0.85818886830237240     
  -1.3066849638934528      -0.55076539884028719        9.1753017100359102E-002  0.79634645902436318       0.85927892593679722     
  -1.3079659836115081      -0.54625052114050021        9.3432486251391111E-002  0.79939959525394322       0.86038424367616528     
  -1.3092637734480128      -0.54173713910332033        9.5120012989060143E-002  0.80246058840236856       0.86150477298413186     
  -1.3105782284045926      -0.53722559041358409        9.6815631776935973E-002  0.80552924973748752       0.86264046278471618     
  -1.3119092396528469      -0.53271621260068436        9.8519377122903151E-002  0.80860538961159101       0.86379125950818292     
  -1.3132566945911890      -0.52820934299961664       0.10023128355405930       0.81168881748879151       0.86495710713743712     
  -1.3146204769027499      -0.52370531871150128       0.10195138559164896       0.81477934197230262       0.86613794725490934     
  -1.3160004666145912      -0.51920447656382507       0.10367971772611284       0.81787677083169896       0.86733371908983514     
  -1.3173965401578389      -0.51470715307002735       0.10541631439229526       0.82098091103022064       0.86854435956593790     
  -1.3188085704289136      -0.51021368438881964       0.10716120994473144       0.82409156875189460       0.86976980334936016     
  -1.3202364268517908      -0.50572440628295823       0.10891443863309114       0.82720854942870581       0.87100998289689890     
  -1.3216799754411053      -0.50123965407761162       0.11067603457777508       0.83033165776764584       0.87226482850442011     
  -1.3231390788661681      -0.49675976261826449       0.11244603174563395       0.83346069777769927       0.87353426835540660     
  -1.3246135965158121      -0.49228506622817036       0.11422446392584185       0.83659547279680346       0.87481822856963198     
  -1.3261033845640373      -0.48781589866538511       0.11601136470596707       0.83973578551864314       0.87611663325181155     
  -1.3276082960363613      -0.48335259307932787       0.11780676744817065       0.84288143801942006       0.87742940454029750     
  -1.3291281808767934      -0.47889548196686782       0.11961070526558970       0.84603223178451614       0.87875646265570317     
  -1.3306628860156007      -0.47444489712808569       0.12142321099889664       0.84918796773502514       0.88009772594934077     
  -1.3322122554374030      -0.47000116962144389       0.12324431719305196       0.85234844625424344       0.88145311095159506     
  -1.3337761302501292      -0.46556462971864221       0.12507405607423472       0.85551346721400456       0.88282253241997211     
  -1.3353543487540644      -0.46113560685895116       0.12691245952696839       0.85868283000090173       0.88420590338698091     
  -1.3369467465117157      -0.45671442960317954       0.12875955907142789       0.86185633354243762       0.88560313520760836     
  -1.3385531564177544      -0.45230142558715869       0.13061538584097754       0.86503377633301071       0.88701413760653125     
  -1.3401734087695161      -0.44789692147484317       0.13247997055988137       0.86821495645981450       0.88843881872483443     
  -1.3418073313376624      -0.44350124291099036       0.13435334352122474       0.87139967162857346       0.88987708516631869     
  -1.3434547494371802      -0.43911471447338357       0.13623553456507942       0.87458771918917577       0.89132884204333074     
  -1.3451154859985142      -0.43473765962473010       0.13812657305683018       0.87777889616121385       0.89279399302201057     
  -1.3467893616388995      -0.43037040066402987       0.14002648786576621       0.88097299925930805       0.89427244036704145     
  -1.3484761947338324      -0.42601325867770257       0.14193530734382520       0.88416982491833451       0.89576408498569471     
  -1.3501758014885805      -0.42166655349019422       0.14385305930465364       0.88736916931857479       0.89726882647128647     
  -1.3518879960097028      -0.41733060361432095       0.14577977100277906       0.89057082841060620       0.89878656314593997     
  -1.3536125903766614      -0.41300572620108511       0.14771546911308953       0.89377459794017788       0.90031719210258032     
  -1.3553493947132846      -0.40869223698935109       0.14966017971050505       0.89698027347285780       0.90186060924622957     
  -1.3570982172591837      -0.40439045025493670       0.15161392824986386       0.90018765041857307       0.90341670933452178     
  -1.3588588644411104      -0.40010067875955002       0.15357673954607165       0.90339652405600646       0.90498538601729628     
  -1.3606311409439975      -0.39582323369925554       0.15554863775442662       0.90656653187550162       0.90660668955684542     
  -1.3624148497819721      -0.39155842465270219       0.15752964635123412       0.90816003845911197       0.90981794200986776     
  -1.3642097923690510      -0.38730655952907611       0.15951978811460066       0.90976579632418719       0.91303007644494016     
  -1.3660157685895911      -0.38306794451564485       0.16151908510548374       0.91138369506900041       0.91624288785680008     
  -1.3678325768684232      -0.37884288402512034       0.16352755864896906       0.91301362336926495       0.91945617122872214     
  -1.3696600142406830      -0.37463168064272878       0.16554522931576798       0.91465546901232919       0.92266972155606375     
  -1.3714978764212535      -0.37043463507301411       0.16757211690394591       0.91630911893047973       0.92588333386963306     
  -1.3733459578738714      -0.36625204608644069       0.16960824042089939       0.91797445923315912       0.92909680325890243     
  -1.3752040518797184      -0.36208421046574735       0.17165361806555879       0.91965137523824225       0.93230992489514719     
  -1.3770719506056466      -0.35793142295211311       0.17370826721077215       0.92133975150225034       0.93552249405433763     
  -1.3789494451719140      -0.35379397619115593       0.17577220438599284       0.92303947184955959       0.93873430613997044     
  -1.3808363257193683      -0.34967216067875562       0.17784544526014479       0.92475041940055114       0.94194515670571910     
  -1.3827323814761510      -0.34556626470671503       0.17992800462472935       0.92647247659870224       0.94515484147795092     
  -1.3846374008238680      -0.34147657430836098       0.18201989637716487       0.92820552523664013       0.94836315637811452     
  -1.3865511713630632      -0.33740337320394254       0.18412113350432868       0.92994944648114242       0.95156989754496912     
  -1.3884734799783303      -0.33334694274607557       0.18623172806635502       0.93170412089703802       0.95477486135665934     
  -1.3904041129025160      -0.32930756186497057       0.18835169118063533       0.93346942847009018       0.95797784445271184     
  -1.3923428557805124      -0.32528550701380610       0.19048103300603714       0.93524524862880121       0.96117864375587025     
  -1.3942894937322947      -0.32128105211396729       0.19261976272735382       0.93703146026514439       0.96437705649370997     
  -1.3962438114152889      -0.31729446850030918       0.19476788853997462       0.93882794175426554       0.96757288022028831     
  -1.3982055930860664      -0.31332602486653549       0.19692541763476079       0.94063457097313297       0.97076591283749281     
  -1.4001746226612788      -0.30937598721052062       0.19909235618315435       0.94245122531816783       0.97395595261638412     
  -1.4021506837779700      -0.30544461877985185       0.20126870932246987       0.94427778172176069       0.97714279821834360     
  -1.4041335598529994      -0.30153218001739290       0.20345448114143849       0.94611411666792478       0.98032624871608220     
  -1.4061230341418778      -0.29763892850705531       0.20564967466593131       0.94796010620679994       0.98350610361461754     
  -1.4081188897966719      -0.29376511891969059       0.20785429184490489       0.94981562596822577       0.98668216287198263     
  -1.4101209099232612      -0.28991100295924532       0.21006833353655985       0.95168055117437511       0.98985422691993818     
  -1.4121288776377146      -0.28607682930909206       0.21229179949467181       0.95355475665136424       0.99302209668452157     
  -1.4141425761219342      -0.28226284357871023       0.21452468835517280       0.95543811683996260       0.99618557360645177     
  -1.4161617886784068      -0.27846928825047002       0.21676699762289431       0.95733050580540535       0.99934445966142249     
  -1.4181862987842209      -0.27469640262703976       0.21901872365853947       0.95923179724625918        1.0024985573803509     
  -1.4202158901442061      -0.27094442277886976       0.22127986166582225       0.96114186450245143        1.0056476698694041     
  -1.4222503467432315      -0.26721358149222141       0.22355040567880380       0.96306058056243593        1.0087916008299853     
  -1.4242894528976855      -0.26350410821754444       0.22583034854946682       0.96498781806955058        1.0119301545786161     
  -1.4263329933060760      -0.25981622901837120       0.22811968193541787       0.96692344932756846        1.0150631360666562     
  -1.4283807530988479      -0.25615016652065670       0.23041839628781169       0.96886734630543891        1.0181903508999710     
  -1.4304325178872244      -0.25250613986260717       0.23272648083945846       0.97081938064139450        1.0213116053584805     
  -1.4324880738112959      -0.24888436464517660       0.23504392359309279       0.97277942364619108        1.0244267064155910     
  -1.4345472075871513      -0.24528505288303037       0.23737071130987175       0.97474734630583804        1.0275354617575303     
  -1.4366097065532557      -0.24170841295612178       0.23970682949798672       0.97672301928350969        1.0306376798026307     
  -1.4386753587157965      -0.23815464956210164       0.24205226240150957       0.97870631292096988        1.0337331697204313     
  -1.4407439527933104      -0.23462396366919691       0.24440699298937929       0.98069709723932341        1.0368217414507939     
  -1.4428152782603476      -0.23111655246994900       0.24677100294455911       0.98269524193927715        1.0399032057228155     
  -1.4448891253902438      -0.22763260933565732       0.24914427265339611       0.98470061640081852        1.0429773740737485     
  -1.4469652852971553      -0.22417232377165597       0.25152678119509986       0.98671308968246585        1.0460440588677606     
  -1.4490435499769934      -0.22073588137337197       0.25391850633141821       0.98873253052000720        1.0491030733146598     
  -1.4511237123476750      -0.21732346378325929       0.25631942449647660       0.99075880732491228        1.0521542314885437     
  -1.4532055662884709      -0.21393524864866365       0.25872951078674333       0.99279178818224345        1.0551973483462795     
  -1.4552889066783301      -0.21057140958053644       0.26114873895120638       0.99483134084834468        1.0582322397460171     
  -1.4573735294335766      -0.20723211611321979       0.26357708138162828       0.99687733274811841        1.0612587224655616     
  -1.4594592315445212      -0.20391753366508958       0.26601450910304258       0.99892963097210874        1.0642766142206863     
  -1.4615458111113497      -0.20062782350037267       0.26846099176433036        1.0009881022732863        1.0672857336833683     
  -1.4636330673790674      -0.19736314269191624       0.27091649762897063        1.0030526130636694        1.0702859004999734     
  -1.4657208007716562      -0.19412364408504956       0.27338099356592949        1.0051230294107860        1.0732769353093321     
  -1.4678088129252984      -0.19090947626264310       0.27585444504071077        1.0071992170339694        1.0762586597607999     
  -1.4698969067208481      -0.18772078351131682       0.27833681610650984        1.0092810413005502        1.0792308965321986     
  -1.4719848863153242      -0.18455770578865938       0.28082806939553606        1.0113683672221061        1.0821934693477431     
  -1.4740725571727538      -0.18142037869189132       0.28332816611045786        1.0134610594505116        1.0851462029958761     
  -1.4761597260939556      -0.17830893342764931       0.28583706601596681        1.0155589822741309        1.0880889233470672     
  -1.4782462012456961      -0.17522349678301019       0.28835472743051938        1.0176619996140150        1.0910214573715198     
  -1.4803317921888901      -0.17216419109785619       0.29088110721811589        1.0197699750201465        1.0939436331568579     
  -1.4824163099060410      -0.16913113423862747       0.29341616078031230        1.0218827716678494        1.0968552799257623     
  -1.4844995668278802      -0.16612443957321688       0.29595984204827097        1.0240002523542842        1.0997562280535131     
  -1.4865813768591103      -0.16314421594744211       0.29851210347497137        1.0261222794952136        1.1026463090855358     
  -1.4886615554034837      -0.16019056766283057       0.30107289602752374        1.0282487151218227        1.1055253557548603     
  -1.4907399193879947      -0.15726359445576499       0.30364216917960007        1.0303794208779049        1.1083932019995455     
  -1.4928162872863204      -0.15436339147814238       0.30621987090397340        1.0325142580172741        1.1112496829800893     
  -1.4948904791414268      -0.15149004927941689       0.30880594766518144        1.0346530874014803        1.1140946350967447     
  -1.4969623165875472      -0.14864365379018452       0.31140034441227193        1.0367957694977292        1.1169278960068318     
  -1.4990316228711915      -0.14582428630724031       0.31400300457170438        1.0389421643773815        1.1197493046420206     
  -1.5010982228715530      -0.14303202348006749       0.31661387004024455        1.0410921317145903        1.1225587012255431     
  -1.5031619431201175      -0.14026693729894113       0.31923288117809534        1.0432455307854642        1.1253559272893714     
  -1.5052226118195513      -0.13752909508454536       0.32185997680204359        1.0454022204676079        1.1281408256914496     
  -1.5072800588617508      -0.13481855947901877       0.32449509417867795        1.0475620592401302        1.1309132406327400     
  -1.5093341158453288      -0.13213538843880102       0.32713816901780746        1.0497249051840356        1.1336730176743934     
  -1.5113846160922630      -0.12947963522878503       0.32978913546582156        1.0518906159832202        1.1364200037547736     
  -1.5134313946638542      -0.12685134841823320       0.33244792609927210        1.0540590489258541        1.1391540472065778     
  -1.5154742883759980      -0.12425057187814659       0.33511447191845711        1.0562300609062873        1.1418749977738027     
  -1.5175131358137595      -0.12167734478033232       0.33778870234110592        1.0584035084276326        1.1445827066287695     
  -1.5195477773452719      -0.11913170159793118       0.34047054519616538        1.0605792476046094        1.1472770263891334     
  -1.5215780551348850      -0.11661367210770024       0.34315992671763951        1.0627571341672617        1.1499578111348274     
  -1.5236038131557432      -0.11412328139374495       0.34585677153849126        1.0649370234650171        1.1526249164250313     
  -1.5256248972016024      -0.11166054985291574       0.34856100268465440        1.0671187704714331        1.1552781993151022     
  -1.5276411548980953      -0.10922549320184238       0.35127254156909693        1.0693022297894714        1.1579175183734929     
  -1.5296524357132295      -0.10681812248540190       0.35399130798592715        1.0714872556574147        1.1605427336987084     
  -1.5316585909673304      -0.10443844408695924       0.35671722010459206        1.0736737019553892        1.1631537069361322     
  -1.5336594738423432      -0.10208645974010722       0.35945019446415039        1.0758614222124301        1.1657503012950095     
  -1.5356549393904437       -9.9762166541898623E-002  0.36219014596754562        1.0780502696142200        1.1683323815652731     
  -1.5376448445421467       -9.7465556967815559E-002  0.36493698787600160        1.0802400970114423        1.1708998141344704     
  -1.5396290481136585       -9.5196618888149231E-002  0.36769063180344297        1.0824307569286820        1.1734524670046351     
  -1.5416074108138176       -9.2955335585989118E-002  0.37045098771094764        1.0846221015739808        1.1759902098091448     
  -1.5435797952502153       -9.0741685776736247E-002  0.37321796390128625        1.0868139828490850        1.1785129138296533     
  -1.5455460659349693       -8.8555643629092629E-002  0.37599146701348829        1.0890062523601163        1.1810204520129304     
  -1.5475060892897385       -8.6397178787670725E-002  0.37877140201744908        1.0911987614290091        1.1835126989877764     
  -1.5494597336502274       -8.4266256396924533E-002  0.38155767220858294        1.0933913611055139        1.1859895310819013     
  -1.5514068692702008       -8.2162837126695365E-002  0.38435017920251902        1.0955839021797154        1.1884508263388369     
  -1.5533473683247756       -8.0086877199105899E-002  0.38714882292983077        1.0977762351952371        1.1908964645348377     
  -1.5552811049134139       -7.8038328416978331E-002  0.38995350163078335        1.0999682104629489        1.1933263271957930     
  -1.5572079550621183       -7.6017138193579470E-002  0.39276411185016435        1.1021596780752994        1.1957402976141722     
  -1.5591277967252690       -7.4023249583802908E-002  0.39558054843206136        1.1043504879211508        1.1981382608659548     
  -1.5610405097868867       -7.2056601316699442E-002  0.39840270451475490        1.1065404897012154        1.2005201038275892     
  -1.5629459760613909       -7.0117127829419701E-002  0.40123047152555991        1.1087295329439488        1.2028857151929699     
  -1.5648440792938008       -6.8204759302281204E-002  0.40406373917574179        1.1109174670220447        1.2052349854904119     
  -1.5667347051595204       -6.6319421695407499E-002  0.40690239545542539        1.1131041411693712        1.2075678070996716     
  -1.5686177412635729       -6.4461036786402914E-002  0.40974632662853772        1.1152894044984549        1.2098840742689561     
  -1.5704930771393411       -6.2629522209382671E-002  0.41259541722774529        1.1174731060183145        1.2121836831319968     
  -1.5723606042469154       -6.0824791495175390E-002  0.41544955004941819        1.1196550946529307        1.2144665317250958     
  -1.5742202159708292       -5.9046754112735300E-002  0.41830860614861543        1.1218352192600136        1.2167325200042249     
  -1.5760718076175184       -5.7295315511661116E-002  0.42117246483405957        1.1240133286502232        1.2189815498621357     
  -1.5779152764121047       -5.5570377165908624E-002  0.42404100366309905        1.1261892716068154        1.2212135251455294     
  -1.5797505214949101       -5.3871836618542446E-002  0.42691409843674677        1.1283628969056547        1.2234283516721796     
  -1.5815774439174888       -5.2199587527582025E-002  0.42979162319462816        1.1305340533355661        1.2256259372481715     
  -1.5833959466381238       -5.0553519712842387E-002  0.43267345021001802        1.1327025897190897        1.2278061916851133     
  -1.5852059345170595       -4.8933519203846032E-002  0.43555944998477791        1.1348683549334417        1.2299690268173737     
  -1.5870073143111547       -4.7339468288578601E-002  0.43844949124439836        1.1370311979318988        1.2321143565193857     
  -1.5887999946682356       -4.5771245563379637E-002  0.44134344093295219        1.1391909677653853        1.2342420967229693     
  -1.5905838861209833       -4.4228725983510131E-002  0.44424116420806747        1.1413475136043250        1.2363521654346599     
  -1.5923589010804431       -4.2711780914745034E-002  0.44714252443590219        1.1435006847607454        1.2384444827531027     
  -1.5941249538291284       -4.1220278185759796E-002  0.45004738318610116        1.1456503307105361        1.2405189708864608     
  -1.5958819605137649       -3.9754082141321589E-002  0.45295560022672987        1.1477963011159993        1.2425755541698695     
  -1.5976298391376265       -3.8313053696233723E-002  0.45586703351919766        1.1499384458484538        1.2446141590828930     
  -1.5993685095524413       -3.6897050390047426E-002  0.45878153921319331        1.1520766150110298        1.2466347142670831     
  -1.6010978934501026       -3.5505926442477076E-002  0.46169897164156382        1.1542106589616044        1.2486371505434910     
  -1.6028179143538086       -3.4139532809431827E-002  0.46461918331519669        1.1563404283357919        1.2506214009302621     
  -1.6045284976090119       -3.2797717239786195E-002  0.46754202491787211        1.1584657740700361        1.2525874006602500     
  -1.6062295703739462       -3.1480324332678222E-002  0.47046734530113810        1.1605865474247015        1.2545350871986933     
  -1.6079210616097654       -3.0187195595381411E-002  0.47339499147908448        1.1627026000073108        1.2564644002608585     
  -1.6096029020704705       -2.8918169501775282E-002  0.47632480862317372        1.1648137837956867        1.2583752818297782     
  -1.6112750242924001       -2.7673081551299106E-002  0.47925664005701840        1.1669199511610309        1.2602676761740224     
  -1.6129373625834429       -2.6451764328282223E-002  0.48219032725112498        1.1690209548911401        1.2621415298654401     
  -1.6145898530119087       -2.5254047561919180E-002  0.48512570981762870        1.1711166482134399        1.2639967917970143     
  -1.6162324333951563       -2.4079758186468680E-002  0.48806262550502488        1.1732068848179207        1.2658334132006512     
  -1.6178650432877824       -2.2928720401953484E-002  0.49100091019284520        1.1752915188800479        1.2676513476651010     
  -1.6194876239696345       -2.1800755735139177E-002  0.49394039788632860        1.1773704050835381        1.2694505511538363     
  -1.6211001184334837       -2.0695683100859341E-002  0.49688092071108336        1.1794433986429311        1.2712309820229510     
  -1.6227024713724223       -1.9613318863678231E-002  0.49982230890769408        1.1815103553260933        1.2729926010391441     
  -1.6242946291669380       -1.8553476899704435E-002  0.50276439082636415        1.1835711314764588        1.2747353713976288     
  -1.6258765398717347       -1.7515968658729619E-002  0.50570699292147658        1.1856255840351224        1.2764592587401822     
  -1.6274481532023621       -1.6500603226623056E-002  0.50864993974621342        1.1876735705627262        1.2781642311730668     
  -1.6290094205213990       -1.5507187387667543E-002  0.51159305394707744        1.1897149492610257        1.2798502592851015     
  -1.6305602948245550       -1.4535525687316309E-002  0.51453615625848137        1.1917495789943473        1.2815173161656190     
  -1.6321007307264583       -1.3585420494926836E-002  0.51747906549727496        1.1937773193106409        1.2831653774225522     
  -1.6336306844461088       -1.2656672066599484E-002  0.52042159855728443        1.1957980304623383        1.2847944212003810     
  -1.6351501137922533       -1.1749078608145780E-002  0.52336357040388037        1.1978115734268773        1.2864044281982121     
  -1.6366589781483825       -1.0862436338001658E-002  0.52630479406845510        1.1998178099268735        1.2879953816877272     
  -1.6381572384575289       -9.9965395502703558E-003  0.52924508064302422        1.2018166024500854        1.2895672675312309     
  -1.6396448572069353       -9.1511806776836124E-003  0.53218423927475911        1.2038078142688793        1.2911200741995916     
  -1.6411217984123407       -8.3261503546072646E-003  0.53512207716054405        1.2057913094594852        1.2926537927901887     
  -1.6425880276021800       -7.5212374798887538E-003  0.53805839954157264        1.2077669529207622        1.2941684170448280     
  -1.6440435118015149       -6.7362292797685797E-003  0.54099300969796360        1.2097346103926583        1.2956639433676376     
  -1.6454882195157623       -5.9709113705963546E-003  0.54392570894340331        1.2116941484742956        1.2971403708428806     
  -1.6469221207142599       -5.2250678214491586E-003  0.54685629661982560        1.2136454346415579        1.2985977012526941     
  -1.6483451868135806       -4.4984812167161436E-003  0.54978457009213955        1.2155883372643927        1.3000359390948670     
  -1.6497573906607048       -3.7909327183616170E-003  0.55271032474302650        1.2175227256235654        1.3014550916004133     
  -1.6511587065159752       -3.1022021281614798E-003  0.55563335396776736        1.2194484699271086        1.3028551687511616     
  -1.6525491100359382       -2.4320679496998565E-003  0.55855344916918348        1.2213654413262365        1.3042361832971956     
  -1.6539285782558828       -1.7803074501294702E-003  0.56147039975262913        1.2232735119308362        1.3055981507742338     
  -1.6552970895723558       -1.1466967217543811E-003  0.56438399312105858        1.2251725548245922        1.3069410895208282     
  -1.6566546237254265       -5.3101074334982457E-004  0.56729401467027607        1.2270624440794879        1.3082650206955009     
  -1.6580011617808150        6.6976558752429582E-005  0.57020024778419476        1.2289430547700189        1.3095699682937401     
  -1.6593366861118746        6.4749224987892262E-004  0.57310247383032298        1.2308142629868293        1.3108559591647335     
  -1.6606611803814069        1.2107643265029111E-003  0.57600047215531802        1.2326759458498362        1.3121230230280876     
  -1.6619746295233924        1.7570216560098828E-003  0.57889402008075130        1.2345279815210617        1.3133711924902318     
  -1.6632770197244486        2.2864939167845932E-003  0.58178289289901031        1.2363702492167779        1.3146005030606940     
  -1.6645683384053722        2.7994115386675844E-003  0.58466686386940303        1.2382026292192982        1.3158109931681139     
  -1.6658485742023093        3.2960056436479590E-003  0.58754570421448449        1.2400250028882063        1.3170027041760441     
  -1.6671177169479741        3.7765079870357710E-003  0.59041918311656438        1.2418372526711750        1.3181756803984648     
  -1.6683757576527150        4.2411508988529079E-003  0.59328706771452033        1.2436392621141898        1.3193299691150351     
  -1.6696226884854219        4.6901672257000371E-003  0.59614912310082246        1.2454309158714114        1.3204656205860470     
  -1.6708585027543439        5.1237902729575069E-003  0.59900511231889020        1.2472120997144760        1.3215826880670480     
  -1.6720831948878594        5.5422537474001388E-003  0.60185479636068351        1.2489827005412728        1.3226812278230806     
  -1.6732967604150559        5.9457917001299876E-003  0.60469793416475959        1.2507426063842910        1.3237612991426211     
  -1.6744991959462912        6.3346384700349034E-003  0.60753428261453024        1.2524917064185050        1.3248229643510641     
  -1.6756904991536405        6.7090286275917066E-003  0.61036359653702910        1.2542298909687126        1.3258662888237662     
  -1.6768706687512811        7.0691969190868065E-003  0.61318562870205184        1.2559570515163454        1.3268913409986851     
  -1.6780397044756938        7.4153782112649225E-003  0.61600012982170149        1.2576730807059882        1.3278981923884761     
  -1.6791976070659995        7.7478074364591976E-003  0.61880684855047008        1.2593778723512106        1.3288869175921079     
  -1.6803443782440262        8.0667195381280976E-003  0.62160553148579112        1.2610713214400313        1.3298575943058957     
  -1.6814800206943907        8.3723494167848855E-003  0.62439592316914094        1.2627533241399167        1.3308103033339744     
  -1.6826045380445613        8.6649318765417149E-003  0.62717776608771025        1.2644237778022731        1.3317451285981168     
  -1.6837179348448110        8.9447015718793210E-003  0.62995080067669207        1.2660825809664900        1.3326621571468760     
  -1.6848202165481236        9.2118929551219253E-003  0.63271476532222870        1.2677296333635439        1.3335614791641071     
  -1.6859113894901192        9.4667402241874754E-003  0.63546939636504618        1.2693648359191343        1.3344431879766301     
  -1.6869914608688266        9.7094772709276356E-003  0.63821442810479212        1.2709880907563900        1.3353073800611810     
  -1.6880604387245395        9.9403376298567991E-003  0.64094959280521024        1.2725993011981167        1.3361541550505134     
  -1.6891183319195910        1.0159554427428219E-002  0.64367462070008585        1.2741983717686338        1.3369836157386104     
  -1.6901651501180943        1.0367360331784425E-002  0.64638924000009013        1.2757852081951242        1.3377958680849815     
  -1.6912009037656457        1.0563987502925087E-002  0.64909317690051438        1.2773597174086557        1.3385910212179279     
  -1.6922256040690957        1.0749667543414887E-002  0.65178615559003106        1.2789218075447444        1.3393691874369118     
  -1.6932392629762543        1.0924631449627853E-002  0.65446789826039264        1.2804713879434466        1.3401304822136311     
  -1.6942418931555405        1.1089109563373611E-002  0.65713812511728698        1.2820083691492208        1.3408750241921989     
  -1.6952335079757468        1.1243331524060096E-002  0.65979655439229212        1.2835326629101775        1.3416029351879004     
  -1.6962141214856832        1.1387526221424693E-002  0.66244290235603387        1.2850441821771241        1.3423143401848385     
  -1.6971837483939680        1.1521921748618880E-002  0.66507688333257597        1.2865428411021682        1.3430093673321917     
  -1.6981424040486885        1.1646745355903931E-002  0.66769820971516403        1.2880285550368935        1.3436881479391261     
  -1.6990901044172109        1.1762223404865324E-002  0.67030659198330511        1.2895012405303259        1.3443508164681930     
  -1.7000268660658922        1.1868581322952210E-002  0.67290173872135561        1.2909608153263825        1.3449975105273158     
  -1.7009527061399474        1.1966043558730988E-002  0.67548335663856918        1.2924071983610812        1.3456283708600658     
  -1.7018676423432098        1.2054833537485266E-002  0.67805115059076115        1.2938403097593927        1.3462435413343830     
  -1.7027716929180503        1.2135173617396688E-002  0.68060482360360552        1.2952600708317341        1.3468431689294995     
  -1.7036648766252949        1.2207285046191174E-002  0.68314407689774370        1.2966664040702334        1.3474274037210954     
  -1.7045472127241545        1.2271387918310950E-002  0.68566860991555245        1.2980592331445493        1.3479963988645309     
  -1.7054187209522649        1.2327701132541335E-002  0.68817812034997772        1.2994384828975249        1.3485503105761616     
  -1.7062794215057266        1.2376442350191752E-002  0.69067230417518033        1.3008040793404909        1.3490892981125722     
  -1.7071293350192356        1.2417827953733251E-002  0.69315085567933821        1.3021559496482542        1.3496135237477329     
  -1.7079684825463328        1.2452073005999154E-002  0.69561346749949493        1.3034940221539504        1.3501231527478605     
  -1.7087968855395950        1.2479391209769375E-002  0.69805983065870691        1.3048182263434196        1.3506183533441014     
  -1.7096145658310036        1.2499994867985365E-002  0.70048963460539149        1.3061284928495240        1.3510992967027367     
  -1.7104215456123892        1.2514094844375379E-002  0.70290256725512101        1.3074247534461616        1.3515661568929840     
  -1.7112178474158757        1.2521900524632201E-002  0.70529831503490037        1.3087069410420185        1.3520191108522166     
  -1.7120034940945335        1.2523619777992323E-002  0.70767656292992598        1.3099749896740835        1.3524583383485620     
  -1.7127785088030194        1.2519458919454607E-002  0.71003699453308755        1.3112288345010104        1.3528840219407403     
  -1.7135429149783636        1.2509622672361331E-002  0.71237929209711837        1.3124684117962637        1.3532963469351120     
  -1.7142967363208879        1.2494314131590301E-002  0.71470313658961437        1.3136936589409984        1.3536955013397822     
  -1.7150399967751415        1.2473734727116437E-002  0.71700820775098961        1.3149045144168365        1.3540816758157419     
  -1.7157727205110369        1.2448084188120490E-002  0.71929418415534840        1.3161009177984138        1.3544550636248935     
  -1.7164949319050748        1.2417560507694603E-002  0.72156074327455322        1.3172828097458495        1.3548158605749130     
  -1.7172066555216166        1.2382359907851637E-002  0.72380756154536563        1.3184501319968529        1.3551642649608091     
  -1.7179079160944273        1.2342676805108255E-002  0.72603431443994637        1.3196028273589722        1.3555004775031758     
  -1.7185987385081951        1.2298703776606246E-002  0.72824067653960967        1.3207408397013971        1.3558247012830051     
  -1.7192791477803127        1.2250631526656619E-002  0.73042632161209653        1.3218641139469014        1.3561371416728925     
  -1.7199491690426676        1.2198648853788185E-002  0.73259092269227111        1.3229725960635026        1.3564380062647690     
  -1.7206088275236802        1.2142942618284636E-002  0.73473415216648164        1.3240662330560102        1.3567275047938381     
  -1.7212581485304490        1.2083697710162156E-002  0.73685568186053985        1.3251449729575704        1.3570058490588259     
  -1.7218971574310213        1.2021097017736793E-002  0.73895518313143604        1.3262087648210414        1.3572732528383398     
  -1.7225258796368834        1.1955321396532881E-002  0.74103232696288579        1.3272575587102615        1.3575299318033682     
  -1.7231443405854954        1.1886549638846944E-002  0.74308678406468864        1.3282913056913248        1.3577761034258362     
  -1.7237525657231707        1.1814958443540746E-002  0.74511822497608904        1.3293099578237406        1.3580119868830565     
  -1.7243505804878456        1.1740722386591074E-002  0.74712632017304337        1.3303134681514983        1.3582378029581914     
  -1.7249384102923617        1.1664013891930836E-002  0.74911074017951940        1.3313017906941713        1.3584537739365103     
  -1.7255160805076279        1.1585003202812416E-002  0.75107115568291682        1.3322748804378577        1.3586601234975841     
  -1.7260836164461111        1.1503858353693275E-002  0.75300723765352373        1.3332326933262308        1.3588570766031385     
  -1.7266410433454791        1.1420745142521227E-002  0.75491865746812792        1.3341751862514268        1.3590448593808144     
  -1.7271883863524451        1.1335827103556184E-002  0.75680508703776717        1.3351023170450311        1.3592236990035786     
  -1.7277256705067359        1.1249265480607562E-002  0.75866619893964149        1.3360140444689499        1.3593938235649219     
  -1.7282529207253372        1.1161219200820582E-002  0.76050166655316787        1.3369103282063755        1.3595554619498067     
  -1.7287701617869082        1.1071844848864032E-002  0.76231116420016320        1.3377911288526843        1.3597088437013287     
  -1.7292774183163715        1.0981296641562110E-002  0.76409436728921243        1.3386564079064005        1.3598541988831503     
  -1.7297747147697073        1.0889726403133793E-002  0.76585095246407775        1.3395061277601190        1.3599917579377703     
  -1.7302620754190521        1.0797283540728841E-002  0.76758059775617582        1.3403402516915897        1.3601217515405590     
  -1.7307395243378210        1.0704115020569560E-002  0.76928298274106233        1.3411587438546171        1.3602444104497557     
  -1.7312070853863037        1.0610365344451367E-002  0.77095778869886011        1.3419615692702820        1.3603599653523535     
  -1.7316647821971767        1.0516176526811805E-002  0.77260469877851534        1.3427486938179278        1.3604686467060922     
  -1.7321126381615368        1.0421688072140611E-002  0.77422339816583552        1.3435200842264443        1.3605706845775032     
  -1.7325506764149363        1.0327036952986646E-002  0.77581357425521524        1.3442757080654513        1.3606663084762154     
  -1.7329789198237808        1.0232357588359164E-002  0.77737491682480098        1.3450155337366976        1.3607557471856264     
  -1.7333973909718754        1.0137781822530556E-002  0.77890711821519609        1.3457395304653677        1.3608392285900539     
  -1.7338061121472705        1.0043438904466129E-002  0.78040987351126745        1.3464476682916224        1.3609169794984748     
  -1.7342051053293233        9.9494554675274571E-003  0.78188288072717782        1.3471399180621866        1.3609892254651506     
  -1.7345943921760121        9.8559555097974538E-003  0.78332584099420188        1.3478162514219818        1.3610561906071492     
  -1.7349739940114510        9.7630603747571598E-003  0.78473845875132930        1.3484766408059237        1.3611180974190820     
  -1.7353439318137216        9.6708887324545856E-003  0.78612044193831032        1.3491210594308392        1.3611751665852765     
  -1.7357042262028894        9.5795565611513922E-003  0.78747150219103368        1.3497494812874073        1.3612276167894510     
  -1.7360548974293710        9.4891771294314253E-003  0.78879135503882125        1.3503618811323683        1.3612756645223545     
  -1.7363959653624175        9.3998609786982712E-003  0.79007972010360916        1.3509582344806805        1.3613195238874862     
  -1.7367274494790248        9.3117159062519050E-003  0.79133632130050202        1.3515385175980263        1.3613594064051959     
  -1.7370493688529685        9.2248469486762019E-003  0.79256088703960970        1.3521027074931986        1.3613955208154955     
  -1.7373617421441256        9.1393563658446197E-003  0.79375315042871719        1.3526507819109046        1.3614280728798462     
  -1.7376645875882311        9.0553436252065467E-003  0.79491284947659402        1.3531827193244776        1.3614572651822048     
  -1.7379579229866042        8.9729053867166897E-003  0.79603972729645278        1.3536984989289209        1.3614832969298263     
  -1.7382417656964400        8.8921354880415748E-003  0.79713353230938289        1.3541981006339920        1.3615063637539251     
  -1.7385161326212213        8.8131249303469161E-003  0.79819401844730820        1.3546815050574992        1.3615266575107121     
  -1.7387810402014079        8.7359618645006520E-003  0.79922094535506538        1.3551486935187871        1.3615443660832209     
  -1.7390365044055081        8.6607315777165184E-003  0.80021407859135252        1.3555996480323564        1.3615596731840718     
  -1.7392825407212946        8.5875164806399340E-003  0.80117318982799368        1.3560343513016573        1.3615727581598573     
  -1.7395191641474259        8.5163960949721229E-003  0.80209805704726023        1.3564527867130671        1.3615837957972960     
  -1.7397463891853242        8.4474470414175329E-003  0.80298846473679930        1.3568549383301285        1.3615929561317195     
  -1.7399642298312976        8.3807430282174522E-003  0.80384420408172552        1.3572407908878237        1.3616004042581906     
  -1.7401726995689550        8.3163548400282394E-003  0.80466507315350988        1.3576103297871516        1.3616063001458176     
  -1.7403718113620048        8.2543503273164731E-003  0.80545087709520580        1.3579635410899122        1.3616107984554251     
  -1.7405615776472754        8.1947943962230596E-003  0.80620142830266950        1.3583004115136745        1.3616140483613322     
  -1.7407420103280007        8.1377489987612961E-003  0.80691654660126488        1.3586209284267436        1.3616161933773032     
  -1.7409131207675035        8.0832731236508693E-003  0.80759605941767454        1.3589250798437753        1.3616173711874033     
  -1.7410749197830793        8.0314227874573874E-003  0.80823980194649714        1.3592128544211430        1.3616177134819338     
  -1.7412274176402800        7.9822510262506086E-003  0.80884761731100241        1.3594842414527726        1.3616173457989671     
  -1.7413706240473932        7.9358078876694549E-003  0.80941935671794774        1.3597392308661274        1.3616163873718872     
  -1.7415045481503277        7.8921404235003934E-003  0.80995487960573165        1.3599778132184266        1.3616149509832507     
  -1.7416291985277166        7.8512926826803664E-003  0.81045405378583801        1.3601999796929789        1.3616131428254192     
  -1.7417445831864313        7.8133057047402588E-003  0.81091675557695098        1.3604057220959671        1.3616110623682420     
  -1.7418507095572657        7.7782175136675846E-003  0.81134286993148308        1.3605950328531620        1.3616088022343238     
  -1.7419475844910739        7.7460631123251744E-003  0.81173229055425011        1.3607679050070960        1.3616064480819254     
  -1.7420352142551039        7.7168744772571074E-003  0.81208492001281130        1.3609243322143474        1.3616040784961072     
  -1.7421136045297629        7.6906805538587975E-003  0.81240066983935399        1.3610643087430940        1.3616017648882242     
  -1.7421827604055142        7.6675072522167653E-003  0.81267946062370200        1.3611878294708859        1.3615995714040974     
  -1.7422426863802993        7.6473774431491393E-003  0.81292122209725193        1.3612948898825827        1.3615975548412127     
  -1.7422933863571011        7.6303109549158421E-003  0.81312589320765305        1.3613854860687020        1.3615957645749877     
  -1.7423348636419398        7.6163245702272064E-003  0.81329342218390366        1.3614596147238061        1.3615942424945366     
  -1.7423671209420988        7.6054320237712858E-003  0.81342376659176630        1.3615172731451839        1.3615930229479343     
  -1.7423901603647387        7.5976440001994661E-003  0.81351689337934552        1.3615584592318779        1.3615921326972416     
  -1.7424039834157377        7.5929681325401788E-003  0.81357277891263813        1.3615831714837725        1.3615915908833944     
  -1.7424085909989770        7.5914090010282820E-003  0.81359140900103455        1.3615914090010293        1.3615914090010328     
