 -0.10440859099896116       0.62159140900103793       0.77759140900103141       0.77759140900103851        1.5135914090010338     
 -0.10440754757911641       0.62114229105900698       0.77756163620642482       0.77802871545460484        1.5135802196315797     
 -0.10440445638341522       0.61981005730420158       0.77747232053808091       0.77932555025061667        1.5135466554012922     
 -0.10439943464910328       0.61763765808111337       0.77732347014156034       0.78143906961400589        1.5134907279421501     
 -0.10439267792434492       0.61468949178509114       0.77711509858971972       0.78430505293099095        1.5134124566327518     
 -0.10438446029679227       0.61104309541785007       0.77684722487819435       0.78784621244161990        1.5133118685863174     
 -0.10437513471258875       0.60678107924447566       0.77651987341895179       0.79198025892928925        1.5131889986339715     
 -0.10436513338484588       0.60198475104593818       0.77613307403210641       0.79662627791184626        1.5130438893031108     
 -0.10435496829017765       0.59672992567417360       0.77568686193590430       0.80170892062597687        1.5128765907912243     
 -0.10434523175123900       0.59108472056569639       0.77518127773479861       0.80716060914693699        1.5126871609347390     
 -0.10433659710328058       0.58510882607361836       0.77461636740578044       0.81292226678145063        1.5124756651734046     
 -0.10432981944154918       0.57885371171738775       0.77399218228291033       0.81894311263151032        1.5122421765097620     
 -0.10432573644592580       0.57236333713420962       0.77330877904000772       0.82517995154131540        1.5119867754641874     
 -0.10432526927848507       0.56567507391405236       0.77256621967142003       0.83159625324118736        1.5117095500251878     
 -0.10432942354840513       0.55882066140457631       0.77176457147126243       0.83816119759638674        1.5114105955952262     
 -0.10433929033784750       0.55182710251647826       0.77090390701046196       0.84484877992390039        1.5110900149318471     
 -0.10435604728090020       0.54471745796817395       0.76998430411236463       0.85163701793055679        1.5107479180846060     
 -0.10438095968616601       0.53751152755991605       0.76900584582635290       0.85850727167251506        1.5103844223273182     
 -0.10441538169216713       0.53022642277985987       0.76796862039967984       0.86544367222290219        1.5099996520860799     
 -0.10446075744216365       0.52287704212807640       0.76687272124756234       0.87243264764820516        1.5095937388629039     
 -0.10451862226327080       0.51547646282743820       0.76571824692148560       0.87946253260913743        1.5091668211551763     
 -0.10459060383183605       0.50803626240864652       0.76450530107573833       0.88652324808066929        1.5087190443709044     
 -0.10467842330433896       0.50056678235415575       0.76323399243211298       0.89360603898548874        1.5082505607397501     
 -0.10478389638959662       0.49307734429290306       0.76190443474293801       0.90070325922503791        1.5077615292201916     
 -0.10490893433466830       0.48557642752527563       0.76051674675233016       0.90780819530048440        1.5072521154025953     
 -0.10505554479268397       0.47807181509606878       0.75907105215565629       0.91491492127443941        1.5067224914083095     
 -0.10522583253654894       0.47057071428271691       0.75756747955731818       0.92201817916969731        1.5061728357852608     
 -0.10542199997759560       0.46307985623522008       0.75600616242681085       0.92911328002771931        1.5056033333994190     
 -0.10564634744316592       0.45560557857435136       0.75438723905298666       0.93619602177385097        1.5050141753228665     
 -0.10590127316148390       0.44815389399958860       0.75271085249676339       0.94326262078655354        1.5044055587182807     
 -0.10618927289688074       0.44073054734854900       0.75097715054199732       0.95030965467126371        1.5037776867198200     
 -0.10651293917144145       0.43334106305961306       0.74918628564479484       0.95733401422359243        1.5031307683108537     
 -0.10687496000444341       0.42599078459618056       0.74733841488104247       0.96433286295428644        1.5024650181981247     
 -0.10727811709352686       0.41868490707493322       0.74543369989245356       0.97130360285760808        1.5017806566830263     
 -0.10772528335652254       0.41142850408683529       0.74347230683079246       0.97824384535321052        1.5010779095295881     
 -0.10821941974728411       0.40422654949545489       0.74145440630069004       0.98515138652987844        1.5003570078295496     
 -0.10876357125388658       0.39708393483290827       0.73938017330063843       0.99202418597933395        1.4996181878645700     
 -0.10936086198418771       0.39000548278162839       0.73724978716266065       0.99886034863656192        1.4988616909656525     
 -0.11001448924125157       0.38299595712421031       0.73506343149016473        1.0056581091468217        1.4980877633699290     
 -0.11072771649080515       0.37606006945922132       0.73282129409444963        1.0124158183634364        1.4972966560747967     
 -0.11150386512476196       0.36920248291462876       0.73052356692967102        1.0191319316485661        1.4964886246897411     
 -0.11234630492934805       0.36242781303960747       0.72817044602624037        1.0258049987047126        1.4956639292857119     
 -0.11325844317473788       0.35574062601817857       0.72576213142271762        1.0324336547099424        1.4948228342423544     
 -0.11424371225462693       0.34914543432298117       0.72329882709657412        1.0390166125671580        1.4939656080931289     
 -0.11530555582069546       0.34264668991284530       0.72078074089307265        1.0455526561081641        1.4930925233682952     
 -0.11644741337789455       0.33624877507403994       0.71820808445313489        1.0520406341186934        1.4922038564362978     
 -0.11767270333233526       0.32995599100988571       0.71558107313972030        1.0584794550711614        1.4912998873431054     
 -0.11898480451543136       0.32377254429773217       0.71289992596285501        1.0648680824696530        1.4903808996500985     
 -0.12038703624377334       0.31770253135398008       0.71016486550342250        1.0712055307256279        1.4894471802703322     
 -0.12188263701570357       0.31174992107720811       0.70737611783564169        1.0774908614953809        1.4884990193034149     
 -0.12347474199070696       0.30591853587430151       0.70453391244840091        1.0837231804199732        1.4875367098691399     
 -0.12516635944588117       0.30021203131423668       0.70163848216532365        1.0899016342171475        1.4865605479399111     
 -0.12696034645342102       0.29463387469678892       0.69869006306369918        1.0960254080817329        1.4855708321721064     
 -0.12885938407239017       0.28918732286664195       0.69568889439239712        1.1020937233572159        1.4845678637364852     
 -0.13086595239525067       0.28387539964522368       0.69263521848855802        1.1081058354461888        1.4835519461479194     
 -0.13298230583125203       0.27870087329035975       0.68952928069333552        1.1140610319317528        1.4825233850942752     
 -0.13521044904394408       0.27366623442473603       0.68637132926670397        1.1199586308857370        1.4814824882647297     
 -0.13755211398424549       0.26877367489558068       0.68316161530123765        1.1257979793427157        1.4804295651777792     
 -0.14000873847325579       0.26402506803778003       0.67990039263499646        1.1315784519214365        1.4793649270087155     
 -0.14258144678677453       0.25942195080820696       0.67658791776366201        1.1372994495778475        1.4782888864170243     
 -0.14527103267598207       0.25496550823945618       0.67322444975170725        1.1429603984755214        1.4772017573735923     
 -0.14807794522476314       0.25065656062555952       0.66981025014301387        1.1485607489614331        1.4761038549879295     
 -0.15100227789417175       0.24649555380063326       0.66634558287064571        1.1540999746361855        1.4749954953355910     
 -0.15404376103955286       0.24248255280542885       0.66283071416598460        1.1595775715092707        1.4738769952857158     
 -0.15720175810852055       0.23861723915791444       0.65926591246736344        1.1649930572309799        1.4727486723290113     
 -0.16047526564046954       0.23489891185598211       0.65565144832806332        1.1703459703935781        1.4716108444061806     
 -0.16386291709534007       0.23132649214612755       0.65198759432389863        1.1756358698952400        1.4704638297368557     
 -0.16736299044404213       0.22789853199620858       0.64827462496034371        1.1808623343608051        1.4693079466492591     
 -0.17097341936033139       0.22461322611707857       0.64451281657925286        1.1860249616143719        1.4681435134107144     
 -0.17469180776776838       0.22146842729107341       0.64070244726539016        1.1911233681989604        1.4669708480589332     
 -0.17851544741963998       0.21846166468904471       0.63684379675259173        1.1961571889392211        1.4657902682344055     
 -0.18244133812684460       0.21559016479464610       0.63293714632978748        1.2011260765434404        1.4646020910137594     
 -0.18646621020183218       0.21285087450689133       0.62898277874695729        1.2060297012416239        1.4634066327445403     
 -0.19058654865622948       0.21024048596129141       0.62498097812088460        1.2108677504565861        1.4622042088810385     
 -0.19479861867557524       0.20775546259579336       0.62093202984108942        1.2156399285054000        1.4609951338217293     
 -0.19909849189781603       0.20539206599013404       0.61683622047568321        1.2203459563288668        1.4597797207481520     
 -0.20348207303870325       0.20314638302370014       0.61269383767749375        1.2249855712466715        1.4585582814653026     
 -0.20794512643715635       0.20101435292699676       0.60850517009018645        1.2295585267362465        1.4573311262438011     
 -0.21248330213336608       0.19899179384091248       0.60427050725494347        1.2340645922337181        1.4560985636638932     
 -0.21709216113943874       0.19707442854515200       0.59999013951723157        1.2385035529549544        1.4548609004611812     
 -0.22176719961413127       0.19525790906856422       0.59566435793404260        1.2428752097354590        1.4536184413743580     
 -0.22650387170692809       0.19353783994811025       0.59129345418170765        1.2471793788875889        1.4523714889951513     
 -0.23129761089049516       0.19190979995625312       0.58687772046408959        1.2514158920737817        1.4511203436201363     
 -0.23614384965185664       0.19036936216842903       0.58241744942152351        1.2555845961946765        1.4498653031049322     
 -0.24103803746076835       0.18891211228976523       0.57791293404034327        1.2596853532909034        1.4486066627206515     
 -0.24597565697673218       0.18753366520355819       0.57336446756317727        1.2637180404575972        1.4473447150127345     
 -0.25095223849419313       0.18622967974161142       0.56877234340016081        1.2676825497706155        1.4460797496621716     
 -0.25596337265726277       0.18499587170873610       0.56413685504080391        1.2715787882235343        1.4448120533493043     
 -0.26100472150189802       0.18382802521985653       0.55945829596708840        1.2754066776745567        1.4435419096201869     
 -0.26607202790394346       0.18272200242885361       0.55473695956735369        1.2791661548025566        1.4422695987556686     
 -0.27116112352714694       0.18167375174383693       0.54997313905149348        1.2828571710714129        1.4409953976431105     
 -0.27626793537590189       0.18067931463419917       0.54516712736704953        1.2864796927019171        1.4397195796509674     
 -0.28138849106418995       0.17973483114146127       0.54031921711681363        1.2900337006505467        1.4384424145062464     
 -0.28651892291540371       0.17883654420899120       0.53542970047746152        1.2935191905944379        1.4371641681747302     
 -0.29165547100759959       0.17798080294591401       0.53049886911982291        1.2969361729218161        1.4358851027444821     
 -0.29679448527684649       0.17716406493804371       0.52552701413027414        1.3002846727273258        1.4346054763120843     
 -0.30193242678704024       0.17638289771488580       0.52051442593390007        1.3035647298116206        1.4333255428720957     
 -0.30706586826919491       0.17563397947605353       0.51546139421901316        1.3067763986845726        1.4320455522097149     
 -0.31219149402675583       0.17491409917426282       0.51036820786339376        1.3099197485715361        1.4307657497965192     
 -0.31730609929656062       0.17422015604461905       0.50523515486219317        1.3129948634221265        1.4294863766895389     
 -0.32240658914762221       0.17354915866309817       0.50006252225754544        1.3160018419208619        1.4282076694335970     
 -0.32748997699237847       0.17289822360927865       0.49485059607003024        1.3189407974992289        1.4269298599669487     
 -0.33255338277796476       0.17226457380094651       0.48959966123193865        1.3218118583485374        1.4256531755303641     
 -0.33759403091768547       0.17164553656159143       0.48431000152254100        1.3246151674330751        1.4243778385795824     
 -0.34260924801621151       0.17103854147438113       0.47898189950520553        1.3273508825030369        1.4231040667012387     
 -0.34759646043559478       0.17044111807024720       0.47361563646668969        1.3300191761067257        1.4218320725323093     
 -0.35255319174332023       0.16985089339169690       0.46821149235835513        1.3326202356015013        1.4205620636830218     
 -0.35747706007816760       0.16926558946840764       0.46276974573971508        1.3351542631629556        1.4192942426634065     
 -0.36236577546455351       0.16868302073575236       0.45729067372393750        1.3376214757919342        1.4180288068133926     
 -0.36721713710183046       0.16810109142296170       0.45177455192572857        1.3400221053187487        1.4167659482364687     
 -0.37202903065052340       0.16751779293360336       0.44622165441150230        1.3423563984042914        1.4155058537371552     
 -0.37679942553448065       0.16693120123717264       0.44063225365177239        1.3446246165374216        1.4142487047619277     
 -0.38152637227405428       0.16633947428790030       0.43500662047597061        1.3468270360283707        1.4129946773439830     
 -0.38620799986328791       0.16574084948356571       0.42934502402967567        1.3489639479974276        1.4117439420516860     
 -0.39084251320107732       0.16513364117495044       0.42364773173427928        1.3510356583588283        1.4104966639406857     
 -0.39542819058443968       0.16451623823444272       0.41791500924913016        1.3530424877990654        1.4092530025098604     
 -0.39996338127011022       0.16388710169005272       0.41214712043615087        1.3549847717495123        1.4080131116608925     
 -0.40444650310905850       0.16324476243005037       0.40634432732707815        1.3568628603527166        1.4067771396617932     
 -0.40887604025708590       0.16258781898168806       0.40050689009333773        1.3586771184221309        1.4055452291140895     
 -0.41325054096373215       0.16191493536632251       0.39463506701822837        1.3604279253947880        1.4043175169236477     
 -0.41756861544039658       0.16122483903252949       0.38872911447216829        1.3621156752766908        1.4030941342756744     
 -0.42182893380815578       0.16051631886757001       0.38278928689024383        1.3637407765803502        1.4018752066131661     
 -0.42603022412468405       0.15978822328735198       0.37681583675266417        1.3653036522544078        1.4006608536192644     
 -0.43017127048948645       0.15903945840398137       0.37080901456777227        1.3668047396047065        1.3994511892034911     
 -0.43425091122586856       0.15826898626987251       0.36476906885788907        1.3682444902068163        1.3982463214916390     
 -0.43826803713800366       0.15747582319690778       0.35869624614776185        1.3696233698094673        1.3970463528195065     
 -0.44222158984089788       0.15665903814883997       0.35259079095586721        1.3709418582287487        1.3958513797305141     
 -0.44611056016112727       0.15581775120480756       0.34645294578844066        1.3722004492327926        1.3946614929769421     
 -0.44993398660575146       0.15495113209183309       0.34028295113622598        1.3733996504166495        1.3934767775249952     
 -0.45369095389693470       0.15405839878394190       0.33408104547403994        1.3745399830672689        1.3922973125636346     
 -0.45738059156963828       0.15313881616546077       0.32784746526307629        1.3756219820181901        1.3911231715171901     
 -0.46100207262966642       0.15219169475597027       0.32158244495604471        1.3766461954939455        1.3899544220615638     
 -0.46455461226950590       0.15121638949455551       0.31528621700492820        1.3776131849438968        1.3887911261443175     
 -0.46803746663914403       0.15021229858058049       0.30895901187169983        1.3785235248654324        1.3876333400082608     
 -0.47144993166932814       0.14917886236878530       0.30260105804169157        1.3793778026163857        1.3864811142188653     
 -0.47479134194473893       0.14811556231599887       0.29621258203967393        1.3801766182165824        1.3853344936952467     
 -0.47806106962439543       0.14702191997722736       0.28979380844879010        1.3809205841384440        1.3841935177447198     
 -0.48125852340699637       0.14589749604862412       0.28334495993211561        1.3816103250866192        1.3830582201010664     
 -0.48438314753876455       0.14474188945509248       0.27686625725699976        1.3819286289662749        1.3822464777666070     
 -0.48743442086148292       0.14355473648018524       0.27035791932200404        1.3808047670557677        1.3828296906423745     
 -0.49041185589854308       0.14233570993632583       0.26382016318664192        1.3796866516473152        1.3833606236829912     
 -0.49331499797690981       0.14108451837299718       0.25725320410361618        1.3785742946331556        1.3838399480983519     
 -0.49614342438297143       0.13980090532096767       0.25065725555384866        1.3774677025757587        1.3842683460640650     
 -0.49889674355025448       0.13848464857063547       0.24403252928392227        1.3763668767669124        1.3846465104355552     
 -0.50157459427734530       0.13713555948251432       0.23737923534622496        1.3752718132900394        1.3849751444515839     
 -0.50417664497401837       0.13575348232801332       0.23069758214154668        1.3741825030860646        1.3852549614273002     
 -0.50670259293418241       0.13433829365875383       0.22398777646426637        1.3730989320223088        1.3854866844369482     
 -0.50915216363378768       0.13288990170292436       0.21725002354986955        1.3720210809648048        1.3856710459866282     
 -0.51152511005239276       0.13140824578660393       0.21048452712498467        1.3709489258535648        1.3858087876769893     
 -0.51382121201687703       0.12989329577895603       0.20369148945983717        1.3698824377812358        1.3859006598565262     
 -0.51604027556599519       0.12834505155938913       0.19687111142285474        1.3688215830745722        1.3859474212653762     
 -0.51818213233447885       0.12676354250557864       0.19002359253787660        1.3677663233791630        1.3859498386702072     
 -0.52024663895552159       0.12514882700052077       0.18314913104329555        1.3667166157469524        1.3859086864902999     
 -0.52223367648049468       0.12350099195774078       0.17624792395364430        1.3656724127267896        1.3858247464153433     
 -0.52414314981489696       0.12182015236287036       0.16932016712311437        1.3646336624577433        1.3856988070151530     
 -0.52597498716940905       0.12010645083075033       0.16236605531141457        1.3636003087653421        1.3855316633418617     
 -0.52772913952531120       0.11836005717658971       0.15538578225152655        1.3625722912604328        1.3853241165248704     
 -0.52940558011321848       0.11658116800001750       0.14837954071941084        1.3615495454407611        1.3850769733590251     
 -0.53100430390440145       0.11477000628111789       0.14134752260577699        1.3605320027952299        1.3847910458864838     
 -0.53252532711392142       0.11292682098700979       0.13428991898971177        1.3595195909105833        1.3844671509727569     
 -0.53396868671484299       0.11105188668818400       0.12720692021392743        1.3585122335807736        1.3841061098773135     
 -0.53533443996283836       0.10914550318353911       0.12009871596202082        1.3575098509184613        1.3837087478194245     
 -0.53662266393064861       0.10720799513295631       0.11296549533727962        1.3565123594691837        1.3832758935395315     
 -0.53783345505164881       0.10523971169670254       0.10580744694312649        1.3555196723275458        1.3828083788568986     
 -0.53896692867221141        9.8624758965167203E-002  0.10324102618056230        1.3545316992558014        1.3823070382239209     
 -0.54002321861215563        9.1417619254556826E-002  0.10121233568583143        1.3535483468044340        1.3817727082777509     
 -0.54100247673293111        8.4186215413174281E-002   9.9154060763497753E-002   1.3525695184349047        1.3812062273897023     
 -0.54190487251310415        7.6930734879571361E-002   9.7066645071407720E-002   1.3515951146443239        1.3806084352131318     
 -0.54273059263070422        6.9651365016779820E-002   9.4950555034047923E-002   1.3506250330920420        1.3799801722302707     
 -0.54347984055210397        6.2348293200894744E-002   9.2806279503831135E-002   1.3496591687281274        1.3793222792986342     
 -0.54415283612708798        5.5021706911068335E-002   9.0634329423361137E-002   1.3486974139234995        1.3786355971976114     
 -0.54474981518982979        4.7671793820319053E-002   8.8435237487795249E-002   1.3477396586018155        1.3779209661758234     
 -0.54527102916542880        4.0298741887557554E-002   8.6209557806775194E-002   1.3467857903729126        1.3771792254997877     
 -0.54571674468187936        3.2902739450360485E-002   8.3957865565126966E-002   1.3458356946677910        1.3764112130046122     
 -0.54608724318706692        2.5483975318609353E-002   8.1680756681812738E-002   1.3448892548749711        1.3756177646471706     
 -0.54638282057077348        1.8042638868884353E-002   7.9378847466443858E-002   1.3439463524782518        1.3747997140624566     
 -0.54660378679139576        1.0578920139547421E-002   7.7052774272884150E-002   1.3430068671956548        1.3739578921236539     
 -0.54675046550721618        3.0930099263546396E-003   7.4703193149227687E-002   1.3420706771196489        1.3730931265064985     
 -0.54682319371215904       -4.4149001213114047E-003   7.2330779483902319E-002   1.3411376588583082        1.3722062412585707     
 -0.54682232137580300       -1.1944617403916169E-002   6.9936227647087179E-002   1.3402076876776245        1.3712980563740160     
 -0.54674821108767802       -1.9495948274812491E-002   6.7520250627293166E-002   1.3392806376446060        1.3703693873742271     
 -0.54660123770556801       -2.7068697943024134E-002   6.5083579662479352E-002   1.3383563817712378        1.3694210448952155     
 -0.54638178800801285       -3.4662670375846361E-002   6.2626963865394458E-002   1.3374347921591969        1.3684538342819224     
 -0.54609026035065078       -4.2277668201375462E-002   6.0151169842754371E-002   1.3365157401451899        1.3674685551902730     
 -0.54572706432662876       -4.9913492610929922E-002   5.7656981307971478E-002   1.3355990964467832        1.3664660011972298     
 -0.54529262043088167       -5.7569943261759349E-002   5.5145198687062802E-002   1.3346847313087284        1.3654469594195646     
 -0.54478735972833192       -6.5246818179502952E-002   5.2616638717495334E-002   1.3337725146497519        1.3644122101416229     
 -0.54421172352603797       -7.2943913661276838E-002   5.0072134039847782E-002   1.3328623162093880        1.3633625264526810     
 -0.54356616304922589       -8.0661024178848351E-002   4.7512532781817995E-002   1.3319540056952093        1.3622986738942480     
 -0.54285113912131067       -8.8397942282242070E-002   4.4938698134744826E-002   1.3310474529299956        1.3612214101177091     
 -0.54206712184792494       -9.6154458503841411E-002   4.2351507922267828E-002   1.3301425279990351        1.3601314845528396     
 -0.54121459030498009      -0.10393036126310129        3.9751854161142575E-002   1.3292391013970679        1.3590296380873763     
 -0.54029403223081829      -0.11172543677173152        3.7140642614062358E-002   1.3283370441754112        1.3579166027581149     
 -0.53930594372260110      -0.11953946893978085        3.4518792334607085E-002   1.3274362280884251        1.3567931014538619     
 -0.53825082893696496      -0.12737223928241725        3.1887235204186126E-002   1.3265365257398276        1.3556598476304416     
 -0.53712919979503759      -0.13522352682766581        2.9246915461047962E-002   1.3256378107284075        1.3545175450381617     
 -0.53594157569191658      -0.14309310802500974        2.6598789221541352E-002   1.3247399577932537        1.3533668874618972     
 -0.53468848321085005      -0.15098075665514976        2.3943823993612057E-002   1.3238428429582303        1.3522085584740786     
 -0.53337045584200915      -0.15888624374078297        2.1282998182797996E-002   1.3229463436758024        1.3510432312007321     
 -0.53198803370633030      -0.16680933745866966        1.8617300590808128E-002   1.3220503389698219        1.3498715681008058     
 -0.53054176328423885      -0.17474980305289556        1.5947729907084707E-002   1.3211547095776286        1.3486942207589063     
 -0.52903219714970184      -0.18270740274955166        1.3275294193395126E-002   1.3202593380908159        1.3475118296915181     
 -0.52745989370962221      -0.19068189567284222        1.0601010361993346E-002   1.3193641090951296        1.3463250241669567     
 -0.52582541694888896      -0.19867303776266709        7.9259036474841338E-003   1.3184689093089439        1.3451344220389228     
 -0.52412933618115787      -0.20668058169381709        5.2510070729354652E-003   1.3175736277205399        1.3439406295939076     
 -0.52237222580573750      -0.21470427679678394        2.5773609106156670E-003   1.3166781557238689        1.3427442414123103     
 -0.52055466507072090      -0.22274386898033960       -9.3987862269884204E-005   1.3157823872530141        1.3415458402434108     
 -0.51867723784270758      -0.23079910065592202       -2.7619861121959133E-003   1.3148862189147401        1.3403459968940208     
 -0.51674053238324902      -0.23886971066388263       -5.4255751019098852E-003   1.3139895501196737        1.3391452701309206     
 -0.51474514113245995      -0.24695543420158117       -8.0836910461936640E-003   1.3130922832115939        1.3379442065969087     
 -0.51269166050007620      -0.25505600275366369       -1.0735265670435368E-002   1.3121943235948219        1.3367433407403855     
 -0.51058069066421830      -0.26317114402425901       -1.3379226771190744E-002   1.3112955798596850        1.3355431947583991     
 -0.50841283537830328      -0.27130058187139561       -1.6014498777995101E-002   1.3103959639060783        1.3343442785529653     
 -0.50618870178643149      -0.27944403624358038       -1.8640003315814724E-002   1.3094953910647309        1.3331470897005584     
 -0.50390890024775636      -0.28760122311870084       -2.1254659767238948E-002   1.3085937802163929        1.3319521134345091     
 -0.50157404417010554      -0.29577185444518150       -2.3857385833606415E-002   1.3076910539086928        1.3307598226402373     
 -0.49918474985348560      -0.30395563808555259       -2.6447098094147137E-002   1.3067871384706660        1.3295706778630176     
 -0.49674163634393409      -0.31215227776250210       -2.9022712562316144E-002   1.3058819641248238        1.3283851273280298     
 -0.49424532529816645      -0.32036147300739515       -3.1583145238165855E-002   1.3049754650966836        1.3272036069725583     
 -0.49169644085972486      -0.32858291911132831       -3.4127312655853004E-002   1.3040675797217371        1.3260265404899574     
 -0.48909560954718678      -0.33681630707878618       -3.6654132425111285E-002   1.3031582505497301        1.3248543393851637     
 -0.48644346015514373      -0.34506132358410468       -3.9162523765634560E-002   1.3022474244461524        1.3236874030414754     
 -0.48374062366858261      -0.35331765093043188       -4.1651408032983284E-002   1.3013350526909591        1.3225261187982706     
 -0.48098773319162014      -0.36158496701152565       -4.4119709234896831E-002   1.3004210910743730        1.3213708620393358     
 -0.47818542389125263      -0.36986294527648766       -4.6566354536643928E-002   1.2995054999897135        1.3202219962915542     
 -0.47533433295717487      -0.37815125469712108       -4.8990274753885288E-002   1.2985882445231560        1.3190798733335036     
 -0.47243509957853824      -0.38644955973839146       -5.1390404831568759E-002   1.2976692945405155        1.3179448333137440     
 -0.46948836493886859      -0.39475752033168199       -5.3765684307460759E-002   1.2967486247706308        1.3168172048783280     
 -0.46649477223010472      -0.40307479185100981       -5.6115057758246323E-002   1.2958262148857767        1.3156973053072658     
 -0.46345496668722674      -0.41140102509241849       -5.8437475226872593E-002   1.2949020495785675        1.3145854406595419     
 -0.46036959564470870      -0.41973586625626425       -6.0731892628778539E-002   1.2939761186356229        1.3134819059263005     
 -0.45723930861628581      -0.42807895693256981       -6.2997272135376647E-002   1.2930484170077925        1.3123869851918375     
 -0.45406475739974894      -0.43642993408961495       -6.5232582532358308E-002   1.2921189448768420        1.3113009518020622     
 -0.45084659620844469      -0.44478843006555202       -6.7436799550742776E-002   1.2911877077187288        1.3102240685399646     
 -0.45315407256319418      -0.44758548183145308       -6.9608906167964335E-002   1.2902547163631954        1.3091565878077667     
 -0.46152648464807733      -0.44428207382452811       -7.1747892876759423E-002   1.2893199870497938        1.3080987518153879     
 -0.46990528474966453      -0.44093703473413015       -7.3852757918521306E-002   1.2883835414801599        1.3070507927747439     
 -0.47829008666581707      -0.43755103035700316       -7.5922507478530576E-002   1.2874454068666825        1.3060129330996286     
 -0.48668049957042392      -0.43412473003814434       -7.7956155839649099E-002   1.2865056159772301        1.3049853856107028     
 -0.49507612802450751      -0.43065880701005455       -7.9952725490858967E-002   1.2855642071762290        1.3039683537452014     
 -0.50347657199033513      -0.42715393877674046       -8.1911247186914338E-002   1.2846212244618140        1.3029620317710791     
 -0.51188142684913274      -0.42361080754592173       -8.3830759955166201E-002   1.2836767174990236        1.3019666050050489     
 -0.52029028342183636      -0.42003010071353231       -8.5710311044721266E-002   1.2827307416492069        1.3009822500343553     
 -0.52870272799330920      -0.41641251140486268       -8.7548955813467444E-002   1.2817833579953462        1.3000091349416998     
 -0.53711834233985201      -0.41275873907713034       -8.9345757547466320E-002   1.2808346333634564        1.2990474195330854     
 -0.54553670375998564      -0.40906949018875771       -9.1099787207056693E-002   1.2798846403399295        1.2980972555681642     
 -0.55395738510867076      -0.40534547894119122       -9.2810123093430619E-002   1.2789334572848592        1.2971587869927568     
 -0.56237995483469305      -0.40158742809959413       -9.4475850428795027E-002   1.2779811683412703        1.2962321501731946     
 -0.57080397702155494      -0.39779606989951688       -9.6096060842755904E-002   1.2770278634402459        1.2953174741320517     
 -0.57922901143147065      -0.39397214704720085       -9.7669851756709392E-002   1.2760736383020159        1.2944148807850944     
 -0.58765461355293880      -0.39011641382205298       -9.9196325657347373E-002   1.2751185944327474        1.2935244851789278     
 -0.59608033465130816      -0.38622963729067550      -0.10067458924955552        1.2741628391174462        1.2926463957291574     
 -0.60450572182291218      -0.38231259864269695      -0.10210375247791603        1.2732064854084424        1.2917807144586515     
 -0.61293031805229425      -0.37836609465976423      -0.10348292740539300        1.2722496521099025        1.2909275372356426     
 -0.62135366227277444      -0.37439093933008216      -0.10481122693605904        1.2712924637580798        1.2900869540113042     
 -0.62977528943024197      -0.37038796562212895      -0.10608776336819936        1.2703350505973567        1.2892590490566196     
 -0.63819473055017539      -0.36635802743254686      -0.10731164676236027        1.2693775485522458        1.2884439011980273     
 -0.64661151280780338      -0.36230200172446203      -0.10848198310773682        1.2684200991950920        1.2876415840518529     
 -0.65502515960155527      -0.35822079087405001      -0.10959787226875761        1.2674628497096059        1.2868521662569794     
 -0.66343519062956524      -0.35411532524490674      -0.11065840569220597        1.2665059528503431        1.2860757117056334     
 -0.67184112196933654      -0.34998656601101708      -0.11166266385347079        1.2655495668978709        1.2853122797720022     
 -0.68024246616045225      -0.34583550825123055      -0.11260971341907222        1.2645938556099257        1.2845619255383518     
 -0.68863873229042483      -0.34166318433961429      -0.11349860410064672        1.2636389881683456        1.2838247000185294     
 -0.69702942608352103      -0.33747066765760714      -0.11432836517427525        1.2626851391219116        1.2831006503784703     
 -0.70541404999249657      -0.33325907665571819      -0.11509800163716655        1.2617324883251690        1.2823898201535719     
 -0.71379210329343223      -0.32902957929345078      -0.11580648997285969        1.2607812208730138        1.2816922494626155     
 -0.72216308218337488      -0.32478339788721478      -0.11645277349487060        1.2598315270313698        1.2810079752181771     
 -0.73052647988089880      -0.32052181439647676      -0.11703575723845638        1.2588836021637686        1.2803370313330742     
 -0.73888178672932092      -0.31624617617756634      -0.11755430237072950        1.2579376466540033        1.2796794489229200     
 -0.74722849030302640      -0.31195790223361364      -0.11800722009076026        1.2569938658246880        1.2790352565042991     
 -0.75556607551613197      -0.30765848998541045      -0.11839326499441150        1.2560524698520634        1.2784044801886534     
 -0.76389402473410684      -0.30334952258337466      -0.11871112788373317        1.2551136736767372        1.2777871438714872     
 -0.77221181788788584      -0.29903267677284440      -0.11895942800857995        1.2541776969107215        1.2771832694167848     
 -0.78051893259060812      -0.29470973131368616      -0.11913670473929727        1.2532447637405166        1.2765928768365100     
 -0.78881484425683546      -0.29038257593954597      -0.11924140868508637        1.2523151028265875        1.2760159844649674     
 -0.79709902622420614      -0.28605322082050755      -0.11927189229404611        1.2513889471989632        1.2754526091278713     
 -0.80537094987758273      -0.28172380646463679      -0.11922639999951379        1.2504665341492789        1.2749027663060364     
 -0.81363008477542920      -0.27739661395657045      -0.11910305801444743        1.2495481051191497        1.2743664702934332     
 -0.82187589877856126      -0.27307407538330253      -0.11889986392344554        1.2486339055849864        1.2738437343496081     
 -0.83010785818102661      -0.26875878423735422      -0.11861467628237321        1.2477241849393153        1.2733345708461954     
 -0.83832542784316111      -0.26445350551264468      -0.11824520451016163        1.2468191963686444        1.2728389914075162     
 -0.84652807132680685      -0.26016118511754449      -0.11778899944827614        1.2459191967279111        1.2723570070450769     
 -0.85471525103240609      -0.25588495812185563      -0.11724344507108242        1.2450244464116622        1.2718886282858577     
 -0.86288642833813256      -0.25162815522964976      -0.11660575195511313        1.2441352092219766        1.2714338652943269     
 -0.87104106374089874      -0.24739430673033524      -0.11587295325505664        1.2432517522330873        1.2709927279880109     
 -0.87917861699909139      -0.24318714303059608      -0.11504190408353310        1.2423743456530865        1.2705652261466405     
 -0.88729854727717239      -0.23901059071971176      -0.11410928534254339        1.2415032626823130        1.2701513695145739     
 -0.89540031329178404      -0.23486876298306214      -0.11307161319146886        1.2406387793690676        1.2697511678967430     
 -0.90348337345949759      -0.23076594307560150      -0.11192525544006493        1.2397811744622000        1.2693646312476350     
 -0.91154718604616747      -0.22670655952493846      -0.11066645619691862        1.2389307292609573        1.2689917697536242     
 -0.91959120931748650      -0.22269515178729549      -0.10929137004996470        1.2380877274621405        1.2686325939083218     
 -0.92761490169110949      -0.21873632526777342      -0.10779610686788033        1.2372524550045512        1.2682871145810317     
 -0.93561772188991021      -0.21483469497715468      -0.10617678795014385        1.2364251999108831        1.2679553430781585     
 -0.94359912909645693      -0.21099481766207617      -0.10442961368900328        1.2356062521271500        1.2676372911975768     
 -0.95155858310869590      -0.20722111302626622      -0.10255094212577553        1.2347959033596645        1.2673329712759482     
 -0.95949554449640928      -0.20351777563936402      -0.10053737680505570        1.2339944469097759        1.2670423962288595     
 -0.96740947475888994      -0.19988868024660000       -9.8385861213765580E-002   1.2332021775064490        1.2667655795838328     
 -0.97529983648327878      -0.19633728433830377       -9.6093775946098248E-002   1.2324193911364674        1.2665025355061132     
 -0.98316609350384709      -0.19286653285925759       -9.3659033714459383E-002   1.2316463848729846        1.2662532788172864     
 -0.99100771106167862      -0.18947877065278007       -9.1080166611815727E-002   1.2308834567018216        1.2660178250066867     
 -0.99882415596531793      -0.18617566846568678       -8.8356399799337737E-002   1.2301309053461456        1.2657961902355339     
  -1.0066148967516106      -0.18295816795737174       -8.5487706176349931E-002   1.2293890300893491        1.2655883913339316     
  -1.0143794038472098      -0.17982645011630360       -8.2474837629336051E-002   1.2286581305962709        1.2653944457905535     
  -1.0221171497302191      -0.17677992986182467       -7.9319330082469719E-002   1.2279385067329471        1.2652143717352100     
  -1.0298276090922656      -0.17381727758669641       -7.6023481594344133E-002   1.2272304583848683        1.2650481879141910     
  -1.0375102590005714      -0.17093646624847914       -7.2590304892969471E-002   1.2265342852740897        1.2648959136585365     
  -1.0451645790602697      -0.16813484064809359       -6.9023457711022473E-002   1.2258502867748771        1.2647575688450452     
  -1.0527900515765261      -0.16540920400682957       -6.5327155810242843E-002   1.2251787617284418        1.2646331738503740     
  -1.0603861617167016      -0.16275591604380324       -6.1506074493175689E-002   1.2245200082567234        1.2645227494980471     
  -1.0679523976722542      -0.16017099652064104       -5.7565244635844337E-002   1.2238743235750551        1.2644263169984917     
  -1.0754882508203938      -0.15765022859837963       -5.3509948896577342E-002   1.2232420038042626        1.2643438978822150     
  -1.0829932158852635      -0.15518925719862153       -4.9345622909081399E-002   1.2226233437820859        1.2642755139261634     
  -1.0904667910988817      -0.15278367868879705       -4.5077765140472792E-002   1.2220186368739121        1.2642211870733373     
  -1.0979084783612247      -0.15042911943256065       -4.0711857873244384E-002   1.2214281747832647        1.2641809393457901     
  -1.1053177833999772      -0.14812130190703954       -3.6253300609947914E-002   1.2208522473617940        1.2641547927510874     
  -1.1126942159293804      -0.14585609808196232       -3.1707356205808779E-002   1.2202911424191853        1.2641427691823299     
  -1.1200372898082822      -0.14362957052817293       -2.7079109262077239E-002   1.2197451455329062        1.2641448903119255     
  -1.1273465231973407      -0.14143800226174363       -2.2373435774211359E-002   1.2192145398580418        1.2641611774791137     
  -1.1346214387151434      -0.13927791665522271       -1.7594982703846185E-002   1.2186996059371751        1.2641916515715899     
  -1.1418615635933964      -0.13714608889429947       -1.2748155996469279E-002   1.2182006215105936        1.2642363329011292     
  -1.1490664298308229      -0.13503955047102245       -7.8371155540750692E-003   1.2177178613268307        1.2642952410735759     
  -1.1562355743457573      -0.13295558812399477       -2.8657757527916772E-003   1.2172515969537869        1.2643683948533280     
  -1.1633685391276547      -0.13089173849848024        2.1621897669543699E-003   1.2168020965902464        1.2644558120223905     
  -1.1704648713868959      -0.12884577963296096        7.2433401442726364E-003   1.2163696248783680        1.2645575092343417     
  -1.1775241237032166      -0.12681572020558818        1.2374457108021986E-002   1.2159544427168303        1.2646735018633457     
  -1.1845458541725336      -0.12479978730505259        1.7552533318164976E-002   1.2155568070750320        1.2648038038484426     
  -1.1915296265521462      -0.12279641333820912        2.2774759849649939E-002   1.2151769708082210        1.2649484275333176     
  -1.1984750104039747      -0.12080422255123224        2.8038513295458145E-002   1.2148151824741227        1.2651073835018796     
  -1.2053815812362814      -0.11882201752708355        3.3341342850949474E-002   1.2144716861504161        1.2652806804098002     
  -1.2122489206431712      -0.11684876592675764        3.8680957646581859E-002   1.2141467212540640        1.2654683248123710     
  -1.2190766164422602      -0.11488358766460927        4.4055214518806451E-002   1.2138405223618935        1.2656703209888711     
  -1.2258642628101963      -0.11292574264691524        4.9462106347718304E-002   1.2135533190329291        1.2658866707637753     
  -1.2326114604160416      -0.11097461915478846        5.4899751042269074E-002   1.2132853356325324        1.2661173733252191     
  -1.2393178165524539      -0.10902972291620117        6.0366381216919507E-002   1.2130367911582844        1.2663624250407786     
  -1.2459829452644673      -0.10709066688415803        6.5860334576621327E-002   1.2128078990679843        1.2666218192711582     
  -1.2526064674759834      -0.10515716171811462        7.1380045006456783E-002   1.2125988671097083        1.2668955461819600     
  -1.2591880111136966      -0.10322900695157244        7.6924034348365922E-002   1.2124098971540143        1.2671835925539288     
  -1.2657272112286542      -0.10130608281899001        8.2490904837392520E-002   1.2122411850285655        1.2674859415920920     
  -1.2722237101150018       -9.9388342708410349E-002   8.8079332163673030E-002   1.2120929203551665        1.2678025727340696     
  -1.2786771574262232       -9.7475806203419779E-002   9.3688059122644773E-002   1.2119652863892476        1.2681334614579782     
  -1.2850872102885091       -9.5568552675366902E-002   9.9315889814299396E-002   1.2118584598621069        1.2684785790903881     
  -1.2914535334114898       -9.3666715387115573E-002  0.10496168435182973        1.2117726108258218        1.2688378926146129     
  -1.2977757991958647       -9.1770476069887863E-002  0.11062435404073767        1.2117079025010788        1.2692113644798404     
  -1.3040536878382998       -8.9880059936211509E-002  0.11630285699089526        1.2116644911278982        1.2695989524114903     
  -1.3102868874331826       -8.7995731093927887E-002  0.12199619412560381        1.2116425258194781        1.2700006092232030     
  -1.3164750940714107       -8.6117788327943146E-002  0.12770340555410264        1.2116421484191040        1.2704162826309684     
  -1.3226180119359512       -8.4246561219025295E-002  0.13342356727580018        1.2116634933604686        1.2708459150697404     
  -1.3287153533943350       -8.2382406570809863E-002  0.13915578818706109        1.2117066875311870        1.2712894435130657     
  -1.3347668390878198       -8.0525705118660085E-002  0.14489920736335193        1.2117718501398134        1.2717467992961140     
  -1.3407721980173140       -7.8676858496057989E-002  0.15065299159195078        1.2118590925864847        1.2722179079426450     
  -1.3467311676259346       -7.6836286436350321E-002  0.15641633313220105        1.2119685183370272        1.2727026889962954     
  -1.3526434938781549       -7.5004424189426544E-002  0.16218844768250307        1.2121002228009701        1.2732010558566405     
  -1.3585089313354981       -7.3181720134977368E-002  0.16796857253478592        1.2122542932132276        1.2737129156205977     
  -1.3643272432288036       -7.1368633575458418E-002  0.17375596489913647        1.2124308085197377        1.2742381689295126     
  -1.3700982015268455       -6.9565632693402435E-002  0.17954990038260199        1.2126298392670787        1.2747767098224578     
  -1.3758215870014556       -6.7773192659441150E-002  0.18534967160769611        1.2128514474961438        1.2753284255961450     
  -1.3814971892889218       -6.5991793878220406E-002  0.19115458695749155        1.2130956866399227        1.2758931966719658     
  -1.3871248069478561       -6.4221920361104523E-002  0.19696396943523098        1.2133626014255441        1.2764708964705775     
  -1.3927042475131746       -6.2464058215095264E-002  0.20277715562769316        1.2136522277806119        1.2770613912944491     
  -1.3982353275464767       -6.0718694238927284E-002  0.20859349476226008        1.2139645927438547        1.2776645402188507     
  -1.4037178726825772       -5.8986314617627045E-002  0.21441234784875185        1.2142997143802177        1.2782801949916482     
  -1.4091517176721915       -5.7267403708149089E-002  0.22023308689785281        1.2146576017005444        1.2789081999423928     
  -1.4145367064208738       -5.5562442908982490E-002  0.22605509420863434        1.2150382545857017        1.2795483919010078     
  -1.4198726920239793       -5.3871909607641655E-002  0.23187776171841357        1.2154416637153957        1.2802006001265642     
  -1.4251595367977838       -5.2196276200204395E-002  0.23770049040871122        1.2158678105016421        1.2808646462463837     
  -1.4303971123066237       -5.0536009177891472E-002  0.24352268976185876        1.2163166670270691        1.2815403442060127     
  -1.4355852993860889       -4.8891568275951869E-002  0.24934377726291679        1.2167881959879452        1.2822275002301673     
  -1.4407239881623788       -4.7263405680828541E-002  0.25516317794242305        1.2172823506419626        1.2829259127951911     
  -1.4458130780673741       -4.5651965291433783E-002  0.26098032395566229        1.2177990747612188        1.2836353726131833     
  -1.4508524778500309       -4.4057682031461098E-002  0.26679465419456072        1.2183383025897694        1.2843556626280712     
  -1.4558421055834838       -4.2480981209266133E-002  0.27260561392879801        1.2188999588064959        1.2850865580240232     
  -1.4607818886682953       -4.0922277922701866E-002  0.27841265447283270        1.2194839584927823        1.2858278262462370     
  -1.4656717638314944       -3.9381976506081884E-002  0.28421523287597950        1.2200902071054198        1.2865792270344407     
  -1.4705116771217082       -3.7860470017147207E-002  0.29001281163289150        1.2207186004544788        1.2873405124692674     
  -1.4753015839001069       -3.6358139761633268E-002  0.29580485841205828        1.2213690246864228        1.2881114270315717     
  -1.4800414488273557       -3.4875354853708629E-002  0.30159084580010109        1.2220413562723262        1.2888917076749546     
  -1.4847312458464828       -3.3412471810311928E-002  0.30737025105994675        1.2227354620013013        1.2896810839114448     
  -1.4893709581615795       -3.1969834177848711E-002  0.31314255590100615        1.2234511989792090        1.2904792779105208     
  -1.4939605782125920       -3.0547772189686739E-002  0.31890724625985811        1.2241884146324207        1.2912860046114449     
  -1.4985001076459117       -2.9146602453170800E-002  0.32466381208984885        1.2249469467170684        1.2921009718489227     
  -1.5029895572809284       -2.7766627664766119E-002  0.33041174715846289        1.2257266233333404        1.2929238804921201     
  -1.5074289470725795       -2.6408136352273459E-002  0.33615054885109785        1.2265272629452504        1.2937544245969068     
  -1.5118183060698343       -2.5071402643012775E-002  0.34187971798035299        1.2273486744055049        1.2945922915712895     
  -1.5161576723700421       -2.3756686056898957E-002  0.34759875859982259        1.2281906569858130        1.2954371623539203     
  -1.5204470930694391       -2.2464231323663597E-002  0.35330717782161969        1.2290530004123816        1.2962887116055377     
  -1.5246866242095418       -2.1194268223242219E-002  0.35900448563679177        1.2299354849067576        1.2971466079131133     
  -1.5288763307195534       -1.9947011448454788E-002  0.36469019473815933        1.2308378812319631        1.2980105140065810     
  -1.5330162863547674       -1.8722660489544296E-002  0.37036382034489002        1.2317599507437826        1.2988800869878929     
  -1.5371065736312293       -1.7521399539404570E-002  0.37602488002838186        1.2327014454475247        1.2997549785720359     
  -1.5411472837561870       -1.6343397419232630E-002  0.38167289353909695        1.2336621080598551        1.3006348353398849     
  -1.5451385165548963       -1.5188807523822234E-002  0.38730738263392439        1.2346416720759379        1.3015192990024467     
  -1.5490803803934377       -1.4057767785820019E-002  0.39292787090387904        1.2356398618417668        1.3024080066762114     
  -1.5529729920976845       -1.2950400658503725E-002  0.39853388360188369        1.2366563926317262        1.3033005911691777     
  -1.5568164768685726       -1.1866813116446551E-002  0.40412494747050509        1.2376909707312738        1.3041966812772596     
  -1.5606109681934921       -1.0807096673589811E-002  0.40970059056942532        1.2387432935247560        1.3050959020905228     
  -1.5643566077540552       -9.7713274181092657E-003  0.41526034210274965        1.2398130495883422        1.3059978753089041     
  -1.5680535453300912       -8.7595660637145301E-003  0.42080373224595924        1.2408999187879992        1.3069022195669184     
  -1.5717019386999507       -7.7718580167651652E-003  0.42633029197260086        1.2420035723825915        1.3078085507668717     
  -1.5753019535373980       -6.8082334587948878E-003  0.43183955288071729        1.2431236731317217        1.3087164824200244     
  -1.5788537633046875       -5.8687074438914522E-003  0.43733104701910896        1.2442598754088561        1.3096256259953059     
  -1.5823575491423476       -4.9532800106018016E-003  0.44280430671348370        1.2454118253189446        1.3105355912748760     
  -1.5858134997552611       -4.0619363077194492E-003  0.44825886439270235        1.2465791608213248        1.3114459867161941     
  -1.5892218112955518       -3.1946467336965156E-003  0.45369425241510086        1.2477615118569663        1.3123564198197766     
  -1.5925826872419897       -2.3513670890267235E-003  0.45911000289524750        1.2489585004807857        1.3132664975023012     
  -1.5958963382760079       -1.5320387412902647E-003  0.46450564753113888        1.2501697409984054        1.3141758264743402     
  -1.5991629821546418       -7.3658880237204016E-004  0.46988071743211002        1.2513948401077037        1.3150840136221049     
  -1.6023828435801004        3.5069682656541090E-005  0.47523474294772683        1.2526333970447077        1.3159906663927856     
  -1.6055561540662406        7.8303753529596065E-004  0.48056725349768215        1.2538850037341795        1.3168953931826266     
  -1.6086831518020350        1.5074292326993088E-003  0.48587777740313065        1.2551492449444073        1.3177978037273093     
  -1.6117640815118737        2.2083726861978903E-003  0.49116584171959232        1.2564256984464208        1.3186975094939406     
  -1.6147991943130044        2.8860090100462088E-003  0.49643097207165354        1.2577139351774900        1.3195941240741114     
  -1.6177887475700938        3.5404922805835071E-003  0.50167269248975899        1.2590135194086969        1.3204872635772915     
  -1.6207330047467909        4.1719892864158226E-003  0.50689052524931455        1.2603240089167613        1.3213765470241281     
  -1.6236322352548402        4.7806792698992240E-003  0.51208399071236954        1.2616449551596176        1.3222615967387519     
  -1.6264867143001620        5.3667536605317423E-003  0.51725260717210553        1.2629759034561836        1.3231420387398387     
  -1.6292967227265294        5.9304158005755170E-003  0.52239589070046222        1.2643163931698354        1.3240175031295482     
  -1.6320625468566359        6.4718806634314063E-003  0.52751335499903007        1.2656659578956404        1.3248876244798140     
  -1.6347844783307011        6.9913745650431736E-003  0.53260451125357022        1.2670241256511954        1.3257520422155125     
  -1.6374628139426441        7.4891348688854720E-003  0.53766886799246194        1.2683904190711033        1.3266104009937187     
  -1.6400978554739591        7.9654096850756417E-003  0.54270593094913444        1.2697643556048739        1.3274623510786796     
  -1.6426899095253749        8.4204575636697143E-003  0.54771520292900178        1.2711454477181157        1.3283075487117557     
  -1.6452392873463140        8.8545471828958000E-003  0.55269618368088658        1.2725332030970904        1.3291456564759336     
  -1.6477463046622169        9.2679570326144045E-003  0.55764836977352594        1.2739271248563853        1.3299763436542538     
  -1.6502112815000380        9.6609750933449590E-003  0.56257125447697476        1.2753267117495213        1.3307992865816018     
  -1.6526345420115778        1.0033898511382588E-002  0.56746432764960275        1.2767314583826579        1.3316141689894287     
  -1.6550164142952077        1.0387033270255586E-002  0.57232707563064977        1.2781408554310101        1.3324206823428355     
  -1.6573572302156840        1.0720693859076036E-002  0.57715898113868391        1.2795543898580473        1.3332185261694427     
  -1.6596573252224296        1.1035202937966559E-002  0.58195952317622890        1.2809715451372305        1.3340074083796232     
  -1.6619170381660222        1.1330891001145815E-002  0.58672817694082724        1.2823918014763134        1.3347870455776647     
  -1.6641367111135121        1.1608096037749149E-002  0.59146441374272030        1.2838146360438980        1.3355571633631573     
  -1.6663166891620413        1.1867163191109142E-002  0.59616770092947036        1.2852395231983920        1.3363174966224758     
  -1.6684573202512727        1.2108444416501385E-002  0.60083750181780538        1.2866659347189220        1.3370677898094865     
  -1.6705589549746751        1.2332298137847530E-002  0.60547327563284448        1.2880933400384720        1.3378077972154845     
  -1.6726219463895138        1.2539088903711360E-002  0.61007447745508969        1.2895212064786215        1.3385372832274669     
  -1.6746466498259451        1.2729187042841872E-002  0.61464055817532248        1.2909489994863819        1.3392560225746823     
  -1.6766334226950441        1.2902968319627561E-002  0.61917096445782782        1.2923761828723599        1.3399638005627317     
  -1.6785826242960802        1.3060813589705234E-002  0.62366513871210927        1.2938022190506739        1.3406604132951028     
  -1.6804946156230276        1.3203108455996926E-002  0.62812251907336147        1.2952265692801284        1.3413456678813667     
  -1.6823697591702516        1.3330242925597702E-002  0.63254253939211225        1.2966486939066613        1.3420193826320350     
  -1.6842084187379029        1.3442611067569388E-002  0.63692462923319937        1.2980680526069577        1.3426813872392884     
  -1.6860109592365458        1.3540610672038156E-002  0.64126821388443211        1.2994841046330574        1.3433315229434921     
  -1.6877777464916353        1.3624642910748719E-002  0.64557271437523944        1.3008963090577748        1.3439696426849341     
  -1.6895091470475556        1.3695111999460607E-002  0.64983754750561395        1.3023041250209531        1.3445956112404236     
  -1.6912055279715705        1.3752424862271795E-002  0.65406212588566781        1.3037070119762646        1.3452093053444774     
  -1.6928672566575980        1.3796990798079278E-002  0.65824585798611501        1.3051044299384778        1.3458106137945940     
  -1.6944947006300470        1.3829221149466164E-002  0.66238814820004954        1.3064958397311361        1.3463994375403043     
  -1.6960882273477438        1.3849528974279934E-002  0.66648839691623962        1.3078807032343693        1.3469756897556042     
  -1.6976482040080789        1.3858328719743795E-002  0.67054600060449410        1.3092584836328118        1.3475392958945083     
  -1.6991749973513475        1.3856035899818764E-002  0.67456035191318442        1.3106286456635328        1.3480901937292078     
  -1.7006689734655929        1.3843066775446999E-002  0.67853083977950668        1.3119906558636352        1.3486283333706179     
  -1.7021304975919307        1.3819838038230614E-002  0.68245684955270036        1.3133439828176794        1.3491536772709125     
  -1.7035599339303555        1.3786766497444702E-002  0.68633776313060224        1.3146880974045789        1.3496662002076736     
  -1.7049576454463331        1.3744268770713219E-002  0.69017295910995813        1.3160224730439136        1.3501658892494781     
  -1.7063239936781365        1.3692760978344154E-002  0.69396181295078918        1.3173465859415359        1.3506527437023550     
  -1.7076593385449996        1.3632658441423473E-002  0.69770369715516445        1.3186599153343295        1.3511267750370735     
  -1.7089640381564006        1.3564375384101268E-002  0.70139798146081134        1.3199619437339294        1.3515880067966304     
  -1.7102384486220981        1.3488324639657989E-002  0.70504403304982333        1.3212521571694822        1.3520364744841409     
  -1.7114829238637341        1.3404917360944069E-002  0.70864121677285752        1.3225300454289215        1.3524722254302599     
  -1.7126978154273473        1.3314562734944246E-002  0.71218889538911689        1.3237951022990551        1.3528953186403410     
  -1.7138834722973808        1.3217667701816538E-002  0.71568642982250807        1.3250468258040993        1.3533058246209446     
  -1.7150402407121277        1.3114636678329461E-002  0.71913317943416644        1.3262847184425191        1.3537038251854021     
  -1.7161684639806918        1.3005871285724169E-002  0.72252850231170562        1.3275082874221606        1.3540894132383681     
  -1.7172684823015238        1.2891770082314125E-002  0.72587175557545258        1.3287170448934731        1.3544626925391423     
  -1.7183406325827697        1.2772728300578962E-002  0.72916229570181379        1.3299105081807170        1.3548237774436380     
  -1.7193852482643095        1.2649137589162862E-002  0.73239947886412260        1.3310882000110116        1.3551727926249200     
  -1.7204026591418042        1.2521385759418635E-002  0.73558266129092154        1.3322496487411115        1.3555098727722150     
  -1.7213931911926466        1.2389856536977106E-002  0.73871119964206500        1.3333943885818336        1.3558351622684750     
  -1.7223571664039738        1.2254929318034513E-002  0.74178445140244165        1.3345219598199254        1.3561488148464189     
  -1.7232949026029303        1.2116978930599487E-002  0.74480177529357938        1.3356319090372839        1.3564509932232216     
  -1.7242067132890870        1.1976375400708505E-002  0.74776253170297124        1.3367237893274542        1.3567418687139021     
  -1.7250929074691328        1.1833483723609817E-002  0.75066608313111693        1.3377971605093109        1.3570216208238648     
  -1.7259537894942110        1.1688663639928265E-002  0.75351179465606499        1.3388515893375921        1.3572904368203886     
  -1.7267896588994738        1.1542269416851880E-002  0.75629903441532242        1.3398866497104756        1.3575485112839853     
  -1.7276008102463720        1.1394649634519638E-002  0.75902717410478182        1.3409019228738739        1.3577960456395584     
  -1.7283875329675755        1.1246146977228477E-002  0.76169558949431426        1.3418969976224382        1.3580332476681232     
  -1.7291501112145795        1.1097098030091956E-002  0.76430366095964430        1.3428714704970606        1.3582603309995651     
  -1.7298888237081904        1.0947833080463099E-002  0.76685077402986757        1.3438249459789038        1.3584775145871628     
  -1.7306039435918237        1.0798675924748480E-002  0.76933631995007268        1.3447570366797486        1.3586850221645115     
  -1.7312957382878515        1.0649943680268947E-002  0.77175969625830732        1.3456673635285501        1.3588830816858142     
  -1.7319644693568925        1.0501946602209600E-002  0.77412030737614224        1.3465555559542075        1.3590719247504559     
  -1.7326103923602556        1.0354987905879298E-002  0.77641756521181016        1.3474212520643363        1.3592517860127611     
  -1.7332337567256388        1.0209363594070098E-002  0.77865088977495844        1.3482640988199535        1.3594229025783697     
  -1.7338348056158104        1.0065362289481072E-002  0.78081970980199600        1.3490837522061430        1.3595855133881294     
  -1.7344137758010056        9.9232650725777916E-003  0.78292346339059016        1.3498798773982514        1.3597398585911229     
  -1.7349708975343070        9.7833453243705293E-003  0.78496159864225135        1.3506521489240164        1.3598861789081074     
  -1.7355063944307290        9.6458685745091088E-003  0.78693357431136413        1.3514002508210492        1.3600247149869684     
  -1.7360204833496624        9.5110923546215531E-003  0.78883886045924534        1.3521238767899657        1.3601557067519092     
  -1.7365133742809675        9.3792660566354158E-003  0.79067693911158976        1.3528227303428100        1.3602793927479180     
  -1.7369852702346265        9.2506307965223300E-003  0.79244730491762105        1.3534965249468840        1.3603960094825585     
  -1.7374363671341619        9.1254192830056979E-003  0.79414946580903845        1.3541449841637778        1.3605057907668368     
  -1.7378668537136139        9.0038556916773871E-003  0.79578294365697388        1.3547678417836373        1.3606089670572281     
  -1.7382769114185415        8.8861555440580275E-003  0.79734727492493995        1.3553648419544082        1.3607057648009224     
  -1.7386667143106589        8.7725255920165779E-003  0.79884201131584476        1.3559357393062417        1.3607964057863313     
  -1.7390364289764424        8.6631637072702716E-003  0.80026672041079827        1.3564802990708138        1.3608811065011182     
  -1.7393862144396834        8.5582587760644202E-003  0.80162098629774192        1.3569982971954424        1.3609600775000423     
  -1.7397162220779645        8.4579905990675996E-003  0.80290441018772007        1.3574895204522388        1.3610335227846377     
  -1.7400265955432062        8.3625297963756395E-003  0.80411661101643794        1.3579537665418382        1.3611016391972974     
  -1.7403174706862679        8.2720377176599413E-003  0.80525722602919103        1.3583908441919110        1.3611646158318322     
  -1.7405889754855810        8.1866663576040111E-003  0.80632591134664899        1.3588005732504378        1.3612226334628801     
  -1.7408412299800258        8.1065582762640531E-003  0.80732234250956658        1.3591827847733988        1.3612758639964184     
  -1.7410743462059131        8.0318465248385706E-003  0.80824621500012128        1.3595373211071866        1.3613244699434830     
  -1.7412884281381515        7.9626545763300527E-003  0.80909724473781353        1.3598640359654866        1.3613686039195585     
  -1.7414835716356833        7.8990962615765881E-003  0.80987516854794350        1.3601627945006420        1.3614084081713393     
  -1.7416598643912220        7.8412757102803710E-003  0.81057974460057380        1.3604334733693726        1.3614440141332285     
  -1.7418173858851933        7.7892872971467852E-003  0.81121075281824950        1.3606759607930243        1.3614755420153042     
  -1.7419562073439927        7.7432155933543356E-003  0.81176799525059984        1.3608901566121396        1.3615031004246561     
  -1.7420763917026854        7.7031353228917965E-003  0.81225129641420679        1.3610759723352697        1.3615267860217273     
  -1.7421779935719215        7.6691113241889042E-003  0.81266050359626796        1.3612333311822962        1.3615466832133176     
  -1.7422610592092802        7.6411985168647334E-003  0.81299548712061132        1.3613621681218149        1.3615628638835062     
  -1.7423256264950329        7.6194418735546776E-003  0.81325614057491791        1.3614624299029678        1.3615753871637821     
  -1.7423717249122728        7.6038763968320211E-003  0.81344238099808841        1.3615340750813907        1.3615842992435976     
  -1.7423993755313578        7.5945271013644344E-003  0.81355414902685830        1.3615770740395146        1.3615896332219695     
  -1.7424085909989770        7.5914090010282820E-003  0.81359140900103455        1.3615914090010293        1.3615914090010328     
